   2.0000000e+00  -1.6501605e-01  -5.1067162e-01   5.2707923e-01   1.3154730e-01   7.2681360e-01   8.8098755e-01   2.1744137e+00  -5.9368963e-02   5.8370030e-01  -2.0334749e+00
   2.0000000e+00  -3.2228340e+00   2.2573507e-01   6.3624361e-01   1.6501049e+00  -1.0546356e+00   2.2012354e+00  -1.6953421e+00   6.0697923e-01  -1.5064397e+00   1.3813507e-01
   1.0000000e+00  -1.4435915e+00   6.3217753e-01  -1.3847390e+00   1.5010073e+00   9.2697606e-03   3.0841359e-01  -1.9153697e-01   7.8399650e-02  -4.5016637e-01  -2.7765903e-02
   2.0000000e+00   2.5601844e+00  -6.7663889e-01   6.4236595e-01   2.4373762e+00  -8.9113293e-01  -1.2703602e+00  -6.5100487e-01  -3.2637817e-01   3.5313629e-01   1.7417064e-01
   2.0000000e+00  -1.8181379e+00   8.4662414e-02   1.7752549e-01   1.7563527e+00  -3.9248730e-01   8.5440832e-01   9.2983951e-01  -1.4715125e+00  -3.9881214e-01   2.8005752e+00
   2.0000000e+00  -1.1876406e+00  -2.4368433e-01  -5.1079079e-01  -1.3082334e+00   1.1809410e+00  -2.5907026e-01   6.2334414e-01  -6.0802972e-02   5.8369667e-01   6.9051725e-01
   2.0000000e+00   5.7448612e-01  -1.2679685e+00  -8.7915118e-01   4.7675114e-01   2.2858438e+00   1.0543343e+00  -1.2443829e+00   3.8446412e-01   8.5476033e-01   9.2955319e-01
   2.0000000e+00  -3.0087381e-01  -4.0405148e-01  -1.5791118e-01   3.0019843e-01   8.0805893e-02  -2.1258622e-01  -3.9786221e-01  -5.0764034e-01  -2.2782550e+00  -1.0156468e+00
   2.0000000e+00   3.1230685e-01  -2.7689591e-01  -8.4020923e-01  -1.6304281e+00   1.0003485e+00   3.3819020e-01   1.8598735e-01   1.0746903e+00   1.1143986e+00   8.7977073e-01
   2.0000000e+00   3.1142041e-01  -1.4544044e+00   7.3083536e-01  -2.4999113e-01   1.2054098e+00  -1.9570677e-01   4.7717597e-01  -2.9263083e-01  -4.6373956e-01   1.3215332e+00
   2.0000000e+00   7.2499486e-02  -6.6100157e-01   1.0022772e-01  -1.2132795e+00   2.0622200e-01  -8.3126715e-01  -3.3703036e-01  -8.0019725e-01  -1.2282569e-01   2.7126514e-01
   1.0000000e+00   1.2799034e+00   1.2106811e-02   1.1337823e+00  -1.9821606e+00   5.7788198e-01   4.8138984e-01  -1.5003124e+00  -3.2621498e-01  -6.7644102e-01  -2.8800377e-01
   2.0000000e+00  -1.1824020e-01  -2.1066413e+00  -1.2278545e+00  -1.3269804e+00   7.0888266e-01   6.5956725e-01   8.1824827e-01   1.7972308e-01  -4.4560122e-01  -4.3870313e-01
   2.0000000e+00   1.2984414e+00  -1.5348395e+00   1.3026467e+00   6.3360405e-01  -1.5007605e+00   1.0350303e-01  -7.4242245e-01  -1.5070107e+00   9.4717012e-01   6.7312268e-02
   2.0000000e+00   1.8619167e-01  -1.1201717e+00  -2.6446346e+00  -4.6711884e-01  -1.5290631e-01   1.5427611e-01   2.8985555e-01   7.1376867e-02   5.5446431e-01   9.0572040e-01
   2.0000000e+00  -1.8660348e+00  -4.1657749e-01  -6.9417190e-01  -5.3053175e-02  -3.1982110e-01   6.6583468e-01  -2.0314407e+00  -4.1549236e-01   7.5153995e-01  -2.7464065e-01
   2.0000000e+00   2.7659048e-01  -9.2672538e-01   4.2537859e-01   1.0229982e+00   1.0141062e-02  -7.7399029e-01   2.0174379e-02   6.2745320e-01  -7.4248406e-01   8.3083657e-01
   2.0000000e+00   2.2468030e+00   1.1132461e+00  -1.1263267e-01   1.0235967e+00   1.4315098e+00  -2.0938500e+00   9.3997209e-01  -1.9141382e+00  -1.0067332e+00  -3.6434418e-01
   2.0000000e+00   8.0286702e-01  -1.2749804e-01   5.9285304e-01   3.9521215e-01  -3.2986283e-01  -4.2505969e-01  -2.1113101e+00   1.7159282e+00  -3.5769972e-01  -9.9470125e-02
   1.0000000e+00   1.9224552e+00   4.6768395e-01   6.6788397e-01  -1.0043572e+00  -8.1859480e-02   2.3892851e-01  -1.9186217e-01   2.5990051e-01  -2.1466781e+00   8.2583191e-01
   2.0000000e+00  -1.3890283e+00   1.1379664e+00   3.2593824e-01  -1.5660535e-01   9.1869569e-01   2.3102502e+00  -1.4001366e+00  -1.0756087e-01   5.5305521e-01   1.2722265e+00
   2.0000000e+00  -2.6166194e-01  -8.8343660e-01   4.5509723e-01   2.6900432e-01   1.5208738e-02   4.3985633e-01   6.4779047e-01   4.4473668e-01  -8.2963838e-03  -5.8285739e-01
   2.0000000e+00   1.2958348e+00  -1.4775779e+00   8.1706224e-02   6.5480756e-01  -1.5151771e-01  -1.3099045e+00  -3.8523031e-01  -2.2324993e+00   2.1651347e+00  -4.7525660e-01
   2.0000000e+00   1.4214604e+00   9.9690631e-01  -9.2150234e-02   2.0273131e-02  -4.9236780e-01   5.7542795e-01   1.6683330e+00  -7.5126962e-01  -7.1870254e-01  -1.8983730e+00
   2.0000000e+00   9.6682962e-01   8.5523585e-01   1.5965404e-01   3.4500662e-01  -2.2229066e+00  -1.7028254e-01   4.9832124e-01   8.3447883e-01  -1.3018626e+00   4.2842609e-01
   1.0000000e+00   3.2638333e-01   1.5329007e-01  -5.4137073e-02  -5.1879044e-01  -1.3255681e-01   2.4106059e+00   1.5418210e-01   5.3484341e-01  -6.5695804e-01   1.7140064e+00
   2.0000000e+00   2.8211401e+00   1.5148371e+00  -3.9141905e-01   5.9399263e-01  -1.5695628e-01  -6.5093524e-01  -4.6702353e-02  -2.1577485e-01  -1.9908297e+00   1.9594085e+00
   2.0000000e+00   2.3866804e-01  -4.0531702e-01   7.5815392e-02  -9.1268868e-01   5.8659117e-01   1.1034606e+00   1.3143404e+00  -1.8525925e-01  -6.4950717e-01  -1.0875161e+00
   2.0000000e+00  -1.3443805e+00   8.0079484e-01   1.6581784e-01  -1.0992093e-01   1.0007684e+00  -8.1872345e-01   4.7184812e-01  -1.5524409e-01   4.6177834e-01  -8.8341310e-01
   2.0000000e+00   1.1843252e+00  -7.6757432e-01  -2.6699804e-01  -1.5718091e+00  -6.1351443e-01   1.0806969e+00   5.5386259e-01  -3.7221947e-01   3.0008829e-01   2.6027710e-01
   2.0000000e+00  -6.9847481e-01  -6.8490838e-01   4.0527854e-01  -1.4814127e+00  -1.3384608e+00   1.4325127e+00   3.2131407e-01   1.0560358e+00   1.4504661e+00   8.4119714e-01
   2.0000000e+00   2.3231841e+00  -3.7275744e-01  -3.5047368e-01  -1.2387054e+00  -5.0206010e-01  -1.3766663e+00  -7.0773371e-01  -2.0646274e+00   1.4561864e+00   1.2845893e+00
   2.0000000e+00   1.2847023e+00  -1.3957961e+00   1.7212165e-01   1.5115957e+00  -1.2838507e+00  -4.4493511e-01  -3.9013304e-01   1.0861456e+00   3.6632645e-01   2.9658186e-01
   1.0000000e+00   3.8871175e-01   7.4797748e-01   6.5771840e-01   1.3207620e+00  -3.5550123e-01   7.9989461e-01  -5.7862348e-01  -2.5162712e-01   1.3752228e+00   2.1315322e-01
   2.0000000e+00   3.3514232e-01   1.4538897e+00   1.4103777e+00   1.1522952e+00  -1.1010783e-01  -8.0800324e-02   8.1377699e-01   7.8834708e-01  -8.5359514e-01  -1.3898632e-01
   2.0000000e+00  -4.1610145e-01   6.8760910e-01   1.1013537e+00  -2.2169300e-01  -1.6415525e+00  -8.8032120e-01  -2.4429640e-01  -2.0650722e-01   9.4427828e-01  -5.8643709e-01
   2.0000000e+00   2.0293923e+00  -1.5456522e-01  -1.5636707e-01  -2.8119620e-01  -5.1895261e-02  -7.9164537e-01   8.3242226e-01  -1.2838085e+00  -4.0617384e-01  -4.4475043e-01
   2.0000000e+00  -3.2752266e-01  -1.7895974e+00   8.1647095e-01  -9.7634543e-01   1.0341753e+00   1.5769889e-01  -7.1716370e-01   1.0774013e+00  -2.3018324e-01  -2.1129001e-01
   2.0000000e+00   9.6178767e-01  -3.6795027e-01  -1.5881429e+00   1.5072986e+00  -1.8379720e+00   8.0426423e-01   5.8485278e-01  -2.4593867e-01   2.6608144e-01   1.0053507e+00
   1.0000000e+00  -1.4516013e+00   6.1353582e-01   3.3409306e-01   1.0036346e-01  -1.1100230e-01  -2.5270685e-01  -1.0879569e+00   1.3668754e-01  -2.7110349e-01   7.3604895e-02
   2.0000000e+00  -1.8362321e+00  -1.6413724e-01  -2.0039634e-01   4.9779868e-01  -1.1868606e-01   1.0244948e+00  -8.0415522e-03   3.1579703e-01  -9.8297679e-02  -7.2869440e-01
   2.0000000e+00   2.5596517e-01   8.4654426e-01   1.7059331e-01  -4.7727523e-02   2.4601640e+00   8.5680211e-02  -1.1498250e-01  -1.7728236e+00   3.0663968e-02  -1.5447333e+00
   2.0000000e+00   2.3327798e-01   8.6493683e-01  -1.2962149e+00   1.9393854e-01   1.1339093e+00  -1.1986965e+00   1.1791028e+00  -1.8305646e+00  -9.3095911e-01   3.3511373e-01
   2.0000000e+00  -1.0092151e+00  -5.3082489e-01   1.3212767e+00   8.8276539e-01  -5.8742554e-01   8.3985553e-01  -1.7793037e+00   4.1043105e-01  -8.8224834e-01   1.2765920e+00
   2.0000000e+00   2.2484086e-01   1.6279366e+00   6.9118450e-01  -4.7769485e-01   1.0835938e+00   1.7316994e+00   5.0142523e-01   3.1275851e-01   7.8759841e-01   2.1434202e-01
   1.0000000e+00  -9.4287439e-01   1.0614224e-01  -6.4391765e-01  -9.0528021e-02   4.7951046e-01  -8.3102770e-01   4.6611621e-01   2.9970575e-01   6.9024823e-01  -2.2286695e-01
   2.0000000e+00  -1.4187192e-01  -1.4078102e+00  -1.1256017e+00  -1.2565367e+00   2.0536646e+00  -1.7298536e+00  -2.7391561e-01  -6.4354658e-01  -3.5522227e-02   3.8200275e-01
   2.0000000e+00   3.6906395e-01  -1.3375064e+00   5.6562954e-01  -1.9716586e-01   4.1368766e-01   9.6813083e-01  -2.3333329e-02  -8.1690784e-01   1.9525638e+00  -2.5047977e+00
   1.0000000e+00  -8.5343035e-01   1.4941986e-01   4.7585899e-01   5.4144303e-01  -6.9448364e-01  -4.1428805e-01  -6.1658781e-01  -1.6560144e+00  -4.3288992e-01  -1.6904276e+00
   2.0000000e+00  -1.9609418e+00  -4.7644994e-01  -4.1575410e-02   6.2059729e-01  -1.1599903e+00  -1.5502270e+00  -3.9833619e-01   2.1024522e+00   1.6300767e+00   1.5907199e+00
   2.0000000e+00  -8.1292345e-01  -1.4816198e+00   1.0569359e-01   5.2751911e-01  -2.8531526e-01   1.2778557e-02   4.4560613e-01   6.9336395e-01   1.6287585e+00   1.2768831e+00
   2.0000000e+00  -7.2060632e-01   1.4493699e+00   9.0459079e-02   1.1803830e-01  -1.1017946e+00   5.6288175e-01   1.3898580e-01  -9.8432104e-01  -1.4684518e+00   3.2029538e-01
   2.0000000e+00   1.3670000e+00   1.6117526e+00  -8.4291799e-01   9.4950444e-01   1.9588922e-01   1.6874039e+00   1.9084723e+00  -3.0183048e-01  -2.9406160e-01   1.9344075e+00
   2.0000000e+00   1.9493368e+00   7.7341260e-01   1.1929921e-01  -4.7937037e-01   6.8116456e-01  -1.4828609e-01  -1.7168428e-01   1.6595109e+00  -1.4667986e-01   5.0454230e-01
   2.0000000e+00   7.2779602e-01  -9.2534347e-02  -1.2001602e+00   7.4889200e-02   4.2512179e-02   6.2473870e-01   1.0304154e+00   9.4004138e-01   6.0353445e-01   1.4808181e+00
   2.0000000e+00   1.0606937e-01   1.2358453e+00  -1.8529087e+00  -2.0856059e+00   4.2487281e-01   5.5232427e-01  -1.3371516e+00   4.0108855e-01   5.0257370e-01  -8.0183590e-01
   2.0000000e+00   5.0359554e-01  -1.0254079e+00  -7.7631259e-01   5.1034235e-01  -1.1287448e+00  -8.2596474e-01   2.9774579e+00   9.8792493e-01   4.1601262e-01   8.7501584e-01
   2.0000000e+00   5.1175407e-01  -4.5876735e-02   8.3738384e-01   1.1735080e+00   1.3241895e+00   2.3336575e-01  -6.5846374e-01   7.2404642e-01  -1.9624305e+00   3.6836585e-01
   1.0000000e+00  -2.6345707e-01   5.4947291e-01  -7.3640356e-01  -5.4909322e-02  -7.5009011e-02  -8.3110641e-01   1.1088505e+00   6.0489510e-01  -9.1273715e-01  -9.3928513e-01
   2.0000000e+00   1.6044341e-01  -1.8385779e+00  -6.8450690e-01   6.0537950e-01  -9.3255691e-01  -4.9002674e-02  -5.7322894e-01  -8.9628967e-01  -2.1115753e+00  -8.2507041e-01
   2.0000000e+00  -4.6149973e-01  -1.9037857e-01  -9.9835267e-01   1.0416248e+00   2.2436941e-01   8.0321770e-02  -3.5236257e-01   3.1341763e-01  -7.5901132e-01   2.3832711e+00
   2.0000000e+00  -7.9438446e-01   3.0107592e-01   1.8977584e+00   6.5941569e-01  -1.2579544e+00  -3.1882376e-01  -1.8902383e-02   2.9469474e-01  -1.5181420e-02  -1.6368003e+00
   1.0000000e+00  -1.6721923e+00   6.0664079e-01   4.4513782e-01   1.7811427e+00  -3.2667764e-01   4.3521998e-01   2.6351245e-02  -1.3831468e-01   5.6179964e-01  -1.4978683e+00
   1.0000000e+00   7.5013554e-01   5.4726622e-01  -3.9967140e-01   5.4737367e-02  -9.9143744e-02  -1.0151971e+00  -6.9053697e-01   1.2406598e+00   2.0547711e+00  -1.1096700e+00
   2.0000000e+00   5.3287057e-01  -8.7741150e-01  -8.0737974e-01  -2.4365520e+00  -4.6497490e-01  -2.6281878e-01   1.8661621e+00  -1.1128760e+00   2.9464578e-01   2.2836910e-01
   1.0000000e+00   7.4668308e-01   5.6322890e-02   7.5200889e-01  -1.0489487e+00  -4.7184913e-01   1.6007342e-01  -4.2524160e-01  -1.3944983e-01   4.0150358e-01  -3.7398668e-01
   2.0000000e+00  -6.7713715e-01   2.9115675e+00   1.2778167e+00  -6.4779673e-01  -9.0756766e-01   1.2993076e+00   9.4424745e-01   2.6826424e-01  -1.6257541e+00   1.5302423e+00
   1.0000000e+00  -1.4468670e-01   1.7507633e-01   6.7097596e-01   5.8595586e-01  -3.3823005e-01   1.2892902e+00  -2.3396656e+00   6.1534927e-01  -4.2128105e-01   1.3063097e+00
   2.0000000e+00  -2.0488086e-01   1.1522819e-01  -1.4482362e-02  -6.8118873e-01   9.3714353e-01   1.7439998e-02   6.4692803e-01   3.3252982e-02   2.1526966e+00  -6.7812930e-01
   2.0000000e+00  -2.2115133e+00  -4.5845788e-01   3.4906678e-01   1.2894592e+00   2.1605091e-01   3.8796089e-01  -4.5390476e-01  -5.3437901e-02  -1.1489602e+00  -1.9791891e+00
   2.0000000e+00   1.0492780e+00   1.8503984e+00   5.1518465e-01   1.7551633e+00   5.4128666e-01   1.7768230e+00  -1.8730875e+00   9.9485150e-01   1.5114893e+00  -1.1681938e-01
   1.0000000e+00  -9.8830339e-01   8.7622855e-01   4.5710331e-01  -2.2455932e-01  -4.8785519e-02  -8.2927402e-01  -1.4055036e+00   1.6665356e+00  -1.2060341e+00   7.5165966e-02
   2.0000000e+00   3.1807098e-01  -1.6689319e-01   7.4833274e-01   1.3954736e-02   1.5204298e+00   3.1563967e-01  -1.4499202e+00  -1.0236622e+00  -1.4435268e-01  -1.5018370e+00
   2.0000000e+00   4.3558871e-01  -7.5253226e-01  -4.0852458e-01  -1.5977408e+00   2.4842287e+00   1.5355772e+00  -5.0961244e-01  -6.9502156e-01   2.2952257e+00   1.2273516e-01
   2.0000000e+00  -5.3913470e-01   2.1978734e+00  -1.0420936e+00   4.3147417e-01   7.8852269e-01   8.8626301e-01  -1.2798370e+00   1.6005865e-01  -1.0765865e+00   5.4355379e-01
   1.0000000e+00   1.9214789e-01   5.4338950e-02  -1.5128954e+00   1.6714956e-01  -8.4819013e-01   1.2036688e+00   3.6137046e-01  -1.2013310e+00  -2.7434290e+00  -9.6097306e-01
   2.0000000e+00  -3.9842027e-01  -5.1746316e-01   4.5253789e-01   5.2724530e-01   1.2470832e-01   6.6448827e-01  -1.6539904e+00  -7.3367442e-01  -1.2669850e+00  -1.2609233e+00
   1.0000000e+00   2.3404442e-01   5.5788393e-01  -5.5367844e-02   5.9221635e-01   5.0929384e-01  -8.2018941e-01   9.2622490e-01   2.8487894e-01  -8.2960131e-01   9.1424398e-01
   2.0000000e+00  -4.7535689e-01  -4.6116173e-02   2.1028425e+00   3.8913827e-01  -2.8471690e-01  -4.3462106e-01  -4.5217963e-01  -2.6292220e+00   9.1402926e-01  -5.3819315e-01
   2.0000000e+00   1.4155467e-01  -1.5591453e+00  -6.7370674e-01  -6.4471560e-01   8.0749650e-01   7.4188085e-01  -3.3017370e+00   6.1132724e-01   1.5870113e+00  -3.6582059e-01
   2.0000000e+00  -2.0935561e-01   7.3246451e-01   9.8184167e-02   8.9630967e-01   1.8364624e+00  -1.8127545e+00  -3.2519014e-01  -6.6815464e-01   1.5466645e+00   1.2288165e+00
   2.0000000e+00   1.1176898e+00   1.2269076e+00   3.7633498e-01   5.6936726e-01  -5.3100122e-01   1.5205303e-01  -3.7788252e-01  -1.4159802e+00   1.4972340e-01   3.0040581e-01
   2.0000000e+00  -1.8216430e+00   9.2191762e-01  -6.9126372e-01   4.7476037e-01  -1.6506182e-01   4.7882611e-01   5.1573895e-01  -1.8366685e+00   1.2488305e+00   4.7546282e-02
   2.0000000e+00   5.0533349e-01  -2.6092093e-01  -7.0572124e-01  -4.8988514e-01  -9.6249523e-01  -8.1548862e-01   1.0330582e+00   6.2129516e-01  -4.3680795e-01   9.9348919e-01
   2.0000000e+00  -4.1424796e-01   7.5758518e-01   1.9400876e+00   2.5798534e-01  -1.4186422e+00   2.2678082e-01   3.1673930e-01   3.3513558e-01   1.1787867e+00   1.7374483e+00
   2.0000000e+00  -1.3402046e-01   1.4981492e+00   4.1142342e-01   1.5668906e+00   4.9698180e-01   7.9365170e-01  -4.7077594e-01  -1.2043084e-01   1.6058742e+00  -6.5643884e-02
   1.0000000e+00  -5.4176769e-01   5.6818642e-01   2.2600330e-01  -2.1122207e-01   4.6828977e-01  -5.5976140e-01  -8.1798119e-01   1.5015266e+00   1.4671585e+00   6.0818174e-01
   1.0000000e+00  -2.0432760e-01   7.2519168e-01  -7.8553281e-01  -7.0200425e-01   7.3105633e-02   3.4703754e-01   1.0455544e+00   8.2101014e-02   4.8022480e-01   1.3850070e+00
   2.0000000e+00   1.1867237e+00   1.0706898e-01   9.5805363e-01   2.1244129e+00  -1.3454049e+00  -4.8219927e-01  -5.9980614e-01  -1.0309799e-01  -1.0046980e+00   1.1525620e+00
   2.0000000e+00  -4.7991418e-01  -7.0790158e-01   2.3876117e+00   2.0332830e-01  -6.3822941e-02   6.7628670e-01  -7.3207858e-01  -5.5380086e-01   1.4087735e+00  -5.0707127e-01
   2.0000000e+00   1.0615709e+00  -4.5454076e-01  -9.7648595e-01  -6.3012110e-01  -1.1123689e+00   1.5669025e+00   2.4121886e-03   1.3621597e+00   5.7869743e-01   7.6979310e-01
   1.0000000e+00  -1.5762323e-02   1.1952633e-01  -1.2280472e+00   7.8950882e-01   1.9915097e-01  -1.5792192e+00   6.6767373e-01  -2.2848819e-01  -3.2234765e-01  -8.3003014e-01
   2.0000000e+00  -2.2118221e+00  -1.8642460e+00  -1.8832342e+00   7.4569691e-01   1.3260471e+00  -2.2251169e+00   9.1722232e-01  -7.7349387e-01   7.9523740e-01  -5.3343561e-01
   2.0000000e+00  -3.1368367e-01   1.0073615e+00   1.3487341e+00  -9.9925117e-01  -3.3600602e-01  -1.3038344e+00  -1.4910039e+00   1.9854253e+00   9.5411200e-01   5.3698435e-01
   2.0000000e+00   2.8242702e-01  -8.9494259e-02   9.9757999e-01   2.0902756e+00  -3.0878663e-01  -8.3204006e-01   1.7863467e+00  -8.8732997e-01   1.8579771e-01  -4.9328371e-01
   2.0000000e+00  -1.0225071e-01  -1.9485091e+00   1.6252279e+00   2.2205028e+00  -9.4930584e-01   1.1620230e-01  -4.5470733e-01   1.0090555e+00   7.7949034e-01  -3.0050719e-01
   2.0000000e+00  -1.4213239e-01   1.6524337e+00   4.7440432e-01   3.3635441e-01   2.0306377e+00  -7.5585520e-01  -1.1753082e-01   1.2274845e+00   7.6343730e-01  -8.6606931e-01
   2.0000000e+00  -1.7768107e+00   1.6538198e+00  -6.1696757e-01   2.0905378e+00   9.0558528e-01   1.4918881e+00   1.4880822e+00   6.6787707e-01  -2.0787695e+00  -2.4038562e+00
   1.0000000e+00   1.9651846e+00   1.1671623e-01   1.3170840e+00  -6.1661703e-01  -4.7416868e-02   6.4746296e-01   2.7844141e-01   7.8985607e-01   5.9742234e-01  -8.6840176e-01
   2.0000000e+00  -1.1032720e+00   3.0074635e-01  -1.1608106e+00  -1.6690690e+00  -1.1419922e+00  -6.8811649e-01   1.2828411e+00  -3.4407631e-01  -8.8379077e-01   1.2391913e+00
   2.0000000e+00  -5.7081523e-02   4.5051318e-01  -3.3842768e-01  -5.6224821e-01  -1.0610914e+00   1.9055424e+00  -7.7738966e-01  -6.2022812e-01  -2.2177430e+00   1.3931769e+00
   2.0000000e+00   7.4693034e-01  -3.3781151e-01   6.0703142e-01  -8.7150690e-01   8.4518443e-01  -1.1725857e-01   7.5358875e-01   5.3576986e-01  -2.6367837e-01   8.5096587e-01
   2.0000000e+00   1.8250263e+00   1.0947573e+00  -1.2317261e+00  -3.0738553e-01   8.6721135e-01  -9.9461088e-03  -6.6489501e-01  -8.9655644e-01  -1.0783992e+00   3.0357035e-01
   2.0000000e+00  -3.3200078e-01  -1.5374202e+00  -1.2472143e+00  -1.1804911e-01  -4.9356658e-01   5.9696372e-01  -6.1913976e-02   2.2745204e-01   4.3920595e-01  -8.5398194e-01
   2.0000000e+00  -6.9714205e-01  -2.1970028e+00   8.3656516e-01   6.9275027e-01  -3.0853091e-01  -7.9118795e-02   9.0135990e-01  -1.1064991e+00  -1.7490321e+00  -4.0133692e-02
   1.0000000e+00   5.6728688e-01   3.2968497e-01   6.1664631e-01  -1.0457271e-02   4.1825176e-01  -7.2693659e-01  -1.0866203e+00   1.6545659e+00   8.5985825e-01   3.7551431e-01
   2.0000000e+00   1.0792339e+00  -4.3127719e-01   1.6598090e+00  -1.3624141e+00  -2.3526714e+00   8.2558015e-01   1.1902865e-01  -1.6053555e-02  -1.2806009e-01  -1.0570922e+00
   2.0000000e+00   5.2772027e-01  -3.1876455e-02   5.9311286e-01   1.2146526e+00   5.8620647e-01  -5.8530966e-01  -2.7156924e-01   9.5779967e-02   1.1599401e+00   4.9000797e-01
   2.0000000e+00   1.8252965e+00  -1.4123111e+00  -2.9934599e-01  -1.9603613e-01   7.3853478e-01  -4.3798002e-01  -1.2964658e+00   4.4417984e-02  -9.1997458e-01  -4.3942554e-01
   2.0000000e+00  -3.6961876e-01  -2.0645279e+00  -6.1422784e-01   2.9038543e-01   7.6076527e-01  -2.0219014e-01   8.3617357e-01  -1.2186685e+00  -9.5390138e-01  -5.0243994e-01
   1.0000000e+00   1.4832276e+00   4.8984075e-02  -1.6899209e+00   7.6211815e-01  -7.6899937e-01   8.6730145e-01   2.2516207e-01  -2.5390473e+00   1.1320905e-01  -5.5505750e-02
   1.0000000e+00   4.8856176e-01   2.6073538e-01  -1.2239855e+00  -7.8509378e-01  -3.6771176e-01   7.1478929e-01   3.4416089e-02   5.7882276e-01   5.1941727e-01  -8.0605953e-02
   2.0000000e+00  -7.8211755e-01  -2.2892320e+00   4.1031982e-01   4.3703698e-01   3.3416637e-01   9.5418375e-02   9.7204435e-01   7.0380231e-01   1.9772501e+00  -3.1669740e-01
   2.0000000e+00  -6.1107549e-01  -2.2261013e-01   1.7364267e+00  -1.2189645e-01   2.9312457e-01   4.6291358e-02  -5.8928970e-01   1.5787206e+00  -2.2282328e-01   1.2771038e+00
   2.0000000e+00  -5.0395386e-01  -2.8330957e-01  -9.6865263e-01   2.8626461e-01  -4.2592530e-01  -5.7399394e-01   1.2319586e+00   7.3956123e-01   3.0741595e-01  -8.6430835e-02
   2.0000000e+00   6.0431965e-01  -8.0748020e-01   1.7849076e+00  -1.0967071e+00  -2.5550747e-02  -5.3638742e-01  -1.9452004e-01  -7.6304218e-01  -1.1148694e+00  -3.7778349e-01
   2.0000000e+00   7.0574950e-01   6.8192812e-01  -1.5981793e+00  -6.5037312e-01  -2.5704530e+00  -1.6179435e+00  -9.1024882e-01  -5.4261404e-02   4.8297984e-01   1.1060700e+00
   2.0000000e+00  -1.5062884e+00  -1.0514064e-01  -1.7708329e+00  -7.7509762e-01  -4.1993099e-01   6.1793333e-01   9.5742773e-03   8.7155910e-01  -1.5899291e+00  -2.6654628e+00
   1.0000000e+00   2.8911080e-01   5.2250068e-01   9.7286380e-01   8.7924076e-02  -1.0262662e-02   1.1948033e+00   7.8077965e-01   1.0644979e+00   6.7256195e-02   7.7959676e-01
   2.0000000e+00   5.9437651e-02  -1.6492956e+00   1.1143749e+00  -7.6213381e-01  -8.4139331e-01   3.3817041e-01   3.7666232e-02   2.0127784e+00  -1.8776760e+00   8.1696929e-01
   2.0000000e+00  -1.4719491e+00   3.8981623e-01  -3.7793284e-01   2.9727285e-01  -1.4084850e+00   6.5362977e-01  -6.0605611e-01  -1.9245079e+00  -3.3191988e-01  -6.9019714e-01
   2.0000000e+00  -1.1905388e+00   3.3640683e-01   1.2611505e+00  -3.6598852e-01  -1.2143934e+00   1.4132167e-01   1.8297677e+00  -1.7318153e-01  -5.1526074e-01   2.1245156e-01
   2.0000000e+00  -1.4128909e+00  -5.9655362e-01   2.4104488e-01   4.8797620e-02   9.2454812e-01  -2.8627071e-01  -1.0767169e-03  -2.8576222e-01   5.5342644e-01  -2.1136539e-01
   2.0000000e+00  -1.4665928e-01  -1.5205969e+00  -1.7122903e+00  -4.0423057e-01  -6.7111933e-01  -5.3978491e-01  -9.5953135e-01   8.2765949e-01  -9.6027859e-01   4.5293592e-01
   2.0000000e+00  -7.5781031e-01   2.3686530e+00  -1.7230140e-01   1.9612126e-01   9.7384436e-01   5.9377652e-01   1.1812084e+00  -1.0570782e-01  -6.4143534e-01   1.3360108e+00
   2.0000000e+00   9.6227506e-02  -4.6625474e-01  -1.3884716e+00  -3.6204909e+00   1.3834721e+00  -8.0331291e-01   1.8058512e+00  -1.0214030e-01  -4.9832245e-01  -1.4777462e+00
   2.0000000e+00  -1.7332980e+00   4.3272891e-01   7.3605535e-01  -9.3598715e-01   8.5392353e-01  -1.2505929e+00  -1.4292160e+00   8.5303512e-01  -5.4019511e-01  -6.6506401e-01
   2.0000000e+00   7.1841448e-01   1.1669840e+00   2.4324046e-01  -1.0479620e+00  -3.8372895e-01   8.4851707e-02   1.4683080e+00  -3.1583068e-01  -5.0912941e-01   4.0591583e-01
   2.0000000e+00  -8.4136064e-01  -2.2223274e-02   4.1975301e-01   1.4191744e+00  -2.1824023e+00  -4.4257321e-01   8.9336075e-01  -1.4457080e-01   6.9197861e-01  -6.2308881e-01
   2.0000000e+00   7.1941567e-01  -5.6058039e-01   4.0063445e-01  -2.9277873e-01  -6.7779279e-01  -1.0526140e-01  -5.3946685e-01  -1.6274501e+00   6.3099511e-01   1.4340934e+00
   1.0000000e+00  -2.2791943e+00   4.4015042e-01   5.9724029e-01  -4.2603213e-01   2.6052034e-01   1.2381220e+00   7.4463982e-01  -7.3625994e-01  -1.5196823e+00  -8.1323003e-01
   2.0000000e+00  -1.8551118e+00  -1.1362301e-01   6.8541869e-01   1.5766416e+00   8.5044124e-01  -2.8484395e-01   1.1533773e+00   8.6668747e-01   9.7315629e-01   7.5382462e-01
   2.0000000e+00  -1.1723613e+00  -3.4310014e-01  -5.4165386e-03  -7.0882945e-01  -1.2640076e+00   6.7989679e-01   3.6968624e-01  -1.6106249e+00   1.8845728e-01  -7.0573668e-01
   2.0000000e+00  -1.4064167e+00  -8.4580900e-01   1.4713542e+00   9.9737817e-01  -2.5869528e-01  -1.3628990e+00  -1.1664338e+00   2.3541316e-01  -1.3820013e+00   1.0690505e+00
   2.0000000e+00  -3.4379227e-01  -2.6390066e-01   3.2711676e-01   4.8851851e-05   1.0446587e+00  -9.3174498e-01   6.4691579e-01   1.6670129e+00   9.6933887e-01   4.9637472e-01
   2.0000000e+00   2.6342960e-01   8.9125093e-01   1.6567005e+00   8.2399138e-01   1.5323685e+00  -8.1847818e-01   1.3982053e+00  -3.0834657e-01  -3.9908303e-01  -3.3861785e-01
   2.0000000e+00   1.9731852e+00   6.1238377e-02  -6.8587608e-01  -2.7792385e+00  -9.5815534e-01   1.3706864e+00  -6.0111312e-01   8.3508691e-02   6.8667289e-01   2.4335771e+00
   2.0000000e+00  -3.9472210e-01   9.1060578e-01  -6.3165464e-01  -1.3730384e-01   1.0288651e+00   6.6248072e-01  -5.3414958e-01   8.8459865e-01  -4.6171012e-02  -2.0077724e+00
   2.0000000e+00   1.7049133e+00  -3.7346864e-01  -1.6143597e-01   1.1112742e-01   5.6831486e-01  -1.3636550e-01  -1.5636520e+00   1.8175964e+00  -5.8780861e-01   3.5955912e-01
   2.0000000e+00   9.6897990e-04   2.4855371e-01  -1.3348977e+00   5.7095667e-01   1.6356418e+00  -3.8393471e-01  -2.9288656e+00   1.7602777e+00  -6.7255837e-02  -1.9471042e-01
   2.0000000e+00   7.1589288e-01  -3.7757127e-01   9.7518502e-01  -5.8356238e-01  -1.1545016e-01   5.3594897e-01  -1.2543624e+00  -1.5232166e-02   1.6577932e+00  -7.0091785e-01
   2.0000000e+00  -5.4558383e-01  -9.3599300e-01   4.9819377e-01  -1.4884019e-03  -4.5887341e-01  -7.3158970e-01  -1.9726556e-01   1.1457846e+00  -6.1901667e-01   1.0524713e+00
   2.0000000e+00   2.1024085e+00   8.9654507e-02  -3.9566756e-01   1.6358643e+00  -1.1940770e+00  -1.0160565e+00   8.9897461e-01   9.9862318e-01  -7.6655168e-01   2.1728932e-01
   2.0000000e+00  -1.7781996e-01  -3.9120075e-01   2.1671343e+00  -3.7487709e-01  -8.2949213e-01   1.6853507e+00  -1.8164939e+00   1.5868028e+00   1.2289351e+00   6.1455246e-01
   2.0000000e+00  -1.3444393e-01  -4.3784655e-01  -1.0163554e+00  -9.4675153e-01  -3.0966603e-02   8.8865822e-02  -1.9866354e+00   3.6223518e-01   6.1993010e-01  -4.8385930e-01
   2.0000000e+00  -1.3591251e+00  -1.1194591e+00  -1.6188214e+00   2.7348364e-01   3.4307842e-01   4.9538941e-02  -1.2191445e+00  -4.4974945e-01   1.6427250e-01  -1.9210746e-01
   2.0000000e+00   1.0376984e+00  -6.2275759e-01  -7.4025532e-01  -1.6349635e+00  -5.0692369e-02  -1.2037857e+00  -4.2362740e-01   2.7732150e+00  -1.7980605e+00  -8.0766360e-01
   2.0000000e+00  -9.7670424e-01  -7.1824901e-01   1.8093986e+00   1.6791123e-01   7.0846681e-01  -7.0104546e-01  -4.6318904e-01   2.0215638e-01  -1.4770327e+00  -2.2275104e-01
   2.0000000e+00   3.9608560e-01  -6.8765500e-01  -1.4960314e+00   4.0296675e-01  -5.4206194e-01  -1.9026469e-04   1.2279604e-02  -1.9104234e+00  -7.8453800e-01   3.2995482e-01
   2.0000000e+00   1.5596533e+00  -1.1677562e+00   2.0194593e-01   8.6610918e-01   1.7926163e+00  -9.7501954e-01   8.6697872e-02   4.7522413e-01   2.5706215e+00  -9.6153096e-01
   2.0000000e+00  -3.9939917e-01  -6.2071158e-01  -5.0072213e-01   8.2881575e-02   1.1595390e+00  -5.2930446e-01   4.6350751e-01  -2.8957022e-01   2.0240117e-01  -6.3105454e-02
   1.0000000e+00   4.5517135e-01   1.8974854e-01  -2.2321114e-01  -3.6096407e-01  -1.0685500e-01  -8.6237924e-01   9.5598607e-01   4.7404147e-01  -1.0408248e+00   4.6914114e-01
   2.0000000e+00  -5.6492751e-02  -6.4869627e-01   2.1203304e-01   8.7196964e-01   2.1616179e+00  -1.2402945e+00   2.2929315e-01  -2.6718947e-01  -7.6880127e-01  -3.1903225e-01
   2.0000000e+00  -1.1884161e+00  -5.3561422e-01   6.7007240e-01   1.2165860e+00  -7.8055749e-01  -4.4296783e-01   4.8588336e-01   1.5869472e+00  -2.7809502e+00   3.1012347e-01
   2.0000000e+00  -4.1161843e-01  -4.9180024e-01  -7.9720279e-01  -9.6163630e-01  -6.6386426e-01   3.1395056e-02  -5.9523800e-01   1.5340477e+00  -7.6308199e-01   1.3214288e-01
   1.0000000e+00   8.7484116e-01   2.3585167e-01  -2.2009357e-01   4.9385531e-01   4.3612565e-01  -7.6044491e-01  -9.4122025e-01   1.3554964e+00   4.3852546e-01  -4.9970713e-01
   2.0000000e+00   1.6081864e+00   7.4705386e-01  -1.3459722e+00   1.4074052e-01   1.5031082e+00   4.5825839e-01  -2.6880973e-01   1.1230435e+00   2.0353602e+00   4.4613696e-02
   2.0000000e+00  -9.5940649e-01   1.0016611e+00   1.4306999e+00   4.5808301e-01  -1.6579439e+00  -1.5690057e+00   6.6266260e-01   3.8538786e-02   1.3100720e+00  -9.0927990e-02
   2.0000000e+00   3.6218552e-01   1.1839524e+00   3.3914378e-02  -1.9630918e+00  -1.1796757e+00  -5.5489546e-01  -9.6690319e-01   2.7456953e-01  -6.8248940e-01  -1.2574012e+00
   2.0000000e+00   1.5972798e+00  -1.0722382e+00  -2.5542576e-01  -5.3583673e-01   1.8368837e+00  -1.8697877e+00  -3.6233361e-01   1.3680895e+00   6.4033081e-01  -1.7173818e+00
   2.0000000e+00   1.5687345e+00  -2.6183554e-01   8.6225321e-02   5.5800577e-01   1.2907936e+00  -2.6330475e-02  -1.1049259e+00   5.3657114e-01   6.1140482e-02  -1.2613562e+00
   2.0000000e+00  -4.4431767e-01   1.2459124e+00  -5.6773083e-03  -8.5141925e-01  -3.6891336e-01  -7.5964369e-02   1.2785334e+00   9.6590074e-01  -7.8704538e-02  -2.3524620e-01
   2.0000000e+00   2.2355955e+00   6.0112219e-01   1.9781997e-01  -2.5871503e-01   2.6147659e+00   1.4781900e+00   1.2478023e-01   6.9701364e-01  -1.2649978e+00  -5.6450477e-01
   2.0000000e+00  -1.2335010e+00  -6.2964177e-01   5.6465370e-01  -2.0698042e-01   3.5488802e-01   3.4725696e-01   2.8004280e-01  -7.8969580e-01   1.6078000e-01  -6.0424544e-01
   2.0000000e+00   3.0006522e-01   1.7208692e+00   4.1715112e-01  -1.4605278e+00  -4.3203068e-01  -9.2924736e-01   8.1351796e-01  -1.6174252e+00  -1.3486533e-01   1.0075788e+00
   2.0000000e+00   1.5792229e+00  -3.9954041e-01  -3.3172085e+00   1.6082014e+00   2.5066071e+00  -7.4629197e-01   5.5551924e-01  -3.2482310e-01  -2.2288562e-01  -8.5943792e-01
   2.0000000e+00   1.1448343e+00   8.2339452e-01  -1.0287745e+00   1.4150706e+00   5.0974296e-01  -1.2864991e+00   1.5494088e-01   3.6483893e-01  -7.6830789e-02   9.5193287e-01
   2.0000000e+00   2.1675887e-01  -3.1312754e-02  -4.4469045e-01   1.9770379e-01   4.8469061e-01   3.4125745e-02  -3.2382527e-02   1.6449350e+00   5.1079850e-01   1.3910996e+00
   2.0000000e+00   6.4691910e-01  -4.9585103e-01  -2.1498762e-01  -7.2284526e-01  -1.6799422e+00   1.3930997e+00  -2.7537069e+00  -5.2776464e-01   1.3779349e+00  -1.8316659e+00
   2.0000000e+00   8.1104042e-01  -5.9266520e-01   2.6980286e+00  -6.4251203e-01   7.3859565e-01   1.5650093e+00  -3.3972263e-01  -1.0040307e+00  -1.1211511e+00   1.8247715e+00
   1.0000000e+00  -1.2361370e+00   1.2621066e-01   5.4242218e-01  -1.0222287e+00  -8.8162368e-01   1.9180602e-02   1.3633046e+00  -1.7987619e+00  -1.0990580e+00   3.3424047e-01
   2.0000000e+00  -1.2420130e+00  -1.2808059e+00   6.8506409e-01   1.4358638e+00  -7.0449048e-01  -3.8494794e-01  -8.9992396e-01   8.6837866e-01   7.2652433e-02  -1.7989167e-01
   2.0000000e+00   2.8829861e-01  -8.5291528e-01   1.4295529e+00   1.6890504e-01  -1.0465395e+00   4.5037362e-01   6.0818298e-02   1.6220932e+00  -5.4644498e-01  -7.8786845e-01
   1.0000000e+00  -5.8679557e-02   4.4067283e-02  -1.8054588e+00  -1.6841951e+00   8.1985119e-01   3.5104202e-01   1.4955807e-01  -2.8599794e+00   1.9552421e+00  -1.5204613e+00
   2.0000000e+00   3.1854709e-01   9.3643961e-01  -3.9938423e-01  -3.0776877e-01   1.6513988e+00  -2.2505914e-01   2.4392838e+00   2.1491280e+00   2.6158009e+00  -1.2947619e+00
   2.0000000e+00  -1.0200363e+00  -2.1210702e-01   1.9439827e+00   2.2095735e+00  -8.2572774e-01  -5.4209546e-01   4.0453561e-01   4.2590237e-01   1.2477134e+00  -2.0876979e-02
   2.0000000e+00  -8.8239026e-01   1.1927589e+00  -2.2511884e-01  -1.3415699e-01   1.9952397e+00  -1.1149157e+00  -6.2241226e-01   1.0169692e+00   1.0063407e+00  -6.6912013e-01
   2.0000000e+00   1.1358888e+00  -3.7421424e-01   2.7740527e-01   2.7189375e-01   7.0892799e-01  -1.4689638e+00   2.5523613e-01  -1.3993173e+00   2.0814401e+00   5.4560673e-04
   2.0000000e+00  -4.7977969e-01   9.5913808e-01  -2.5569210e-02  -5.8288557e-01  -8.9662113e-01  -7.0504350e-01   5.1165943e-01   4.5569402e-01   1.8721383e-01  -6.5234184e-01
   2.0000000e+00  -5.8278485e-02  -2.1922816e-01   3.6443410e-01   2.3421781e+00   1.9027271e+00  -1.0098778e+00   1.9715570e-01   8.2205791e-01  -4.5493625e-01   7.0726686e-02
   2.0000000e+00  -1.5219531e+00  -1.6470075e-01  -5.4196392e-02   1.0597085e+00   3.6957731e-01   1.6904562e-01   4.7938335e-02  -1.1640294e-01   3.9928863e-01  -5.8048968e-01
   2.0000000e+00   1.1364950e+00  -1.8706220e+00  -1.0185482e+00  -1.4878134e+00   2.2494046e-01   5.7581368e-01  -1.6923325e+00   3.5794937e-01   1.4795063e+00  -2.5918473e+00
   2.0000000e+00   9.6800867e-01  -1.1671791e+00   5.3914035e-01  -7.3291096e-01   1.6749955e-01   5.6578724e-01  -5.5302173e-01   1.0169330e+00   1.3150675e+00   1.0184951e+00
   2.0000000e+00  -1.3425104e+00   4.1233132e-01  -3.1720709e+00   8.7007457e-01   1.4154252e+00   5.7166006e-01  -6.0405387e-01  -8.8056447e-01  -1.7922131e+00   3.0999014e-01
   2.0000000e+00  -6.5993368e-01  -2.1631111e-01   1.1290701e+00   1.7059036e+00  -6.1736731e-01   1.9674442e-01   2.0090808e+00   1.1395450e+00   1.0553738e+00  -1.5180401e+00
   2.0000000e+00  -1.2454950e+00   1.3802123e+00   3.3942424e-01   1.2230850e+00  -2.8669084e-01   1.8783864e-02   7.3437558e-01   6.4625799e-02   8.6391864e-01   4.9718443e-01
   2.0000000e+00  -5.1079978e-01  -3.2111467e-01   6.3171922e-01  -6.9778419e-01   8.1131791e-01  -2.0361527e+00  -5.2808002e-01  -3.8706427e-01  -1.1609397e+00   8.0172685e-01
   2.0000000e+00  -1.0210265e+00   1.4495743e+00  -8.6078917e-01  -1.1465896e+00   2.8790542e-01   5.0192268e-01  -1.0172740e-01   1.3561442e+00  -1.3428668e+00   9.8815692e-02
   2.0000000e+00  -1.1776632e+00   7.6215490e-01   1.2296409e+00   1.1063384e+00  -2.3175644e+00   4.5069591e-01   6.8929092e-01   4.5710993e-01  -1.4864338e+00  -3.7916333e-01
   2.0000000e+00   1.1469677e+00  -5.8324877e-01   2.8041170e-01  -7.7804805e-01  -4.7881258e-01  -4.0062072e-01   1.0774489e+00   4.8550747e-01   6.6579202e-01   2.5344082e-01
   2.0000000e+00  -1.0478604e-01  -1.2934935e+00  -1.4324568e+00   2.0346794e-01  -6.8990811e-01   1.3224061e+00  -5.5048615e-01   6.1909412e-01   1.3006991e-01  -7.9002276e-01
   2.0000000e+00   4.3441382e-01  -5.3616303e-01   1.8928931e-01   8.5495842e-01   9.2570041e-01   3.8012284e-01   2.8419390e-01   4.5588366e-01  -2.7692090e-01   9.2019490e-01
   2.0000000e+00  -6.7994358e-01  -5.0333232e-01  -9.2302785e-01  -7.0802719e-01   1.3931963e+00  -1.1761790e+00  -7.7160250e-01  -3.1115102e-02   5.1756704e-01   8.7344043e-01
   2.0000000e+00  -2.7707337e-01  -1.6697488e+00   4.2223501e-01   1.0911728e-01   1.9121397e-01  -7.2091035e-01   1.7543418e+00  -1.7495444e+00  -9.8240260e-01  -8.6488082e-01
   2.0000000e+00  -4.4155985e-01   3.9768048e-01   1.4903783e+00   4.9214882e-01  -1.0010464e+00  -6.6096421e-01   7.5698752e-01   1.3759004e-01   7.4745364e-01   2.0942928e+00
   2.0000000e+00  -2.0770798e-01  -3.3001237e-01  -8.8139429e-01  -1.6910097e+00  -5.0433101e-01  -5.6604546e-01   1.1124125e-01  -1.1597316e+00  -3.2139371e-01  -6.7313562e-01
   2.0000000e+00   2.3488549e-01  -1.0485675e+00  -3.9958792e-01  -5.2533001e-01   1.5355566e-01  -4.6624577e-01  -1.2690777e+00   4.4419633e-01   2.0490120e+00  -7.6579753e-01
   1.0000000e+00   9.3079163e-02   6.2269507e-01   9.2615272e-01  -1.0042812e+00   1.6544862e-01  -4.5764498e-01  -7.4683360e-01  -7.7342886e-01  -1.3324610e+00  -5.0382969e-01
   2.0000000e+00   9.1037536e-01   2.2498346e-01   1.8500753e+00   8.8382549e-01  -2.0780776e+00   2.4024892e+00  -1.2505247e+00  -5.4336620e-01  -6.4416906e-01  -3.0368104e-01
   2.0000000e+00  -2.6654218e-01  -1.1608553e+00  -3.9510961e-01   1.3933693e+00  -7.8842153e-01  -2.8862623e-01  -1.1163383e+00  -7.3548880e-01  -9.1204537e-01  -3.1852130e-02
   1.0000000e+00   8.9877693e-01   5.0024792e-01  -4.0900345e-01   6.9650509e-01   5.2975793e-01  -3.2792552e-01   3.1843053e-01   6.0353989e-02   3.3328415e+00   3.3589904e-01
   2.0000000e+00   1.9476916e+00  -3.8446528e-02  -2.1144904e+00  -3.4800441e-01  -2.3847184e-01   3.9654667e-02   1.9328963e-01   1.3073834e+00   1.3493586e+00  -2.2101504e+00
   1.0000000e+00   2.6153348e-01   6.6140822e-01  -1.5445540e+00   6.0853974e-01  -5.3786489e-01   4.3905212e-01  -1.0180723e+00   1.8696030e+00   4.9426697e-01  -1.6438437e-01
   2.0000000e+00  -9.6538327e-01   1.0340827e+00  -1.0068702e-01   3.2512073e-01  -5.9852827e-01   1.8739484e-01  -2.0078113e-01  -6.4725626e-01   1.3571052e+00   3.2635634e-01
   2.0000000e+00  -5.5928836e-01   4.3744332e-01  -4.6875877e-01  -1.6250867e+00   1.1638380e+00   1.0776284e+00  -1.9216002e+00   7.7488137e-01  -1.8431045e-01   1.8599800e+00
   1.0000000e+00  -1.0998184e+00   2.3316739e-01   9.7807752e-01  -8.6939029e-01  -3.0191763e-01   2.7254890e-02   1.5919504e+00   2.4364393e-01  -3.7801531e-01   1.1383106e+00
   2.0000000e+00  -7.0945033e-01  -1.7773703e+00  -8.9889242e-01   1.0040646e+00   1.2044771e+00   2.0345904e+00  -7.2921627e-01   6.8771298e-01   2.2275473e-02  -4.9537406e-01
   2.0000000e+00   5.1539828e-01   8.8374268e-01  -9.3582531e-02   1.2460847e+00  -6.4748865e-01  -1.7368028e+00  -5.1029416e-01  -1.3318683e-01   1.2453208e-01  -1.1012647e+00
   2.0000000e+00   7.7993481e-01   3.5820012e-01  -9.7687066e-01   1.4138872e+00   1.4212516e+00   2.5503596e-01   4.0624785e-01  -1.5762610e-02  -7.7952519e-02  -5.4331918e-01
   2.0000000e+00   4.0242148e-01   9.4763346e-01  -1.0272287e+00  -2.1417507e-01   3.7489240e-01  -1.9357982e+00   1.0878806e+00  -4.4942100e-01  -1.4971887e+00   1.8745515e-01
   2.0000000e+00  -1.3753866e+00   1.7170694e+00   1.1883104e+00   4.4164320e-01   4.7573863e-01  -4.1929260e-01  -4.0738090e-01   1.0576845e+00   6.0062872e-01   1.7230663e-01
   2.0000000e+00  -6.1305030e-01   2.8848223e+00   2.7802255e-01  -1.3724799e+00   1.2117484e-01  -1.0340782e+00   1.2897969e+00  -6.1606825e-01   3.9542254e-01  -1.1853931e+00
   2.0000000e+00   1.6279394e+00  -1.4584761e+00  -1.1124460e+00  -1.7220045e+00  -1.6885286e+00  -4.9756481e-01   2.6334795e+00   1.5237285e+00   2.2178810e-01  -3.9805060e-01
   2.0000000e+00  -3.1690051e-01   9.8348796e-02  -1.7859429e+00   1.9390425e-01   9.7526940e-01  -3.2692746e-01   3.7797391e-01  -4.1919682e-01  -1.4660506e+00  -9.6278211e-01
   2.0000000e+00   7.2116341e-01  -4.2869035e-01   2.3738016e-01  -9.7359080e-01  -8.4704599e-01   3.7376880e-01  -4.0723595e-01  -4.8228236e-01   1.4052618e+00   1.4087850e-01
   1.0000000e+00   2.2544655e+00   5.4857876e-01  -2.1730517e+00   1.2184420e+00   3.7089757e-01  -4.6939588e-02  -1.0262433e+00  -1.7470811e-02   1.5804908e+00   9.4874249e-01
   1.0000000e+00  -5.2619173e-01   8.3622296e-01  -1.0800671e+00  -2.3372964e+00  -2.0568471e-01  -1.1339710e+00  -1.2148229e+00   1.1785387e+00  -1.4284413e+00   8.1269315e-01
   2.0000000e+00   9.5712632e-01  -8.8720884e-02   2.9155131e-01  -9.3472168e-01   1.7759261e-02  -1.4663589e+00   1.6625944e+00  -6.2498947e-01  -7.8183001e-02   5.4775045e-01
   2.0000000e+00   3.6637350e-01  -5.9993367e-01  -6.6327780e-01  -1.2646098e+00   2.4832617e-01  -2.3622600e-01   1.2157260e+00   1.6538022e+00  -9.0169016e-01   1.0277392e-01
   2.0000000e+00  -1.8312021e-01  -1.1869076e+00   3.7667337e-01   2.1683256e+00  -3.2015498e-01  -5.8978159e-01  -1.6028156e+00  -5.7555844e-01  -6.1640151e-02   1.1026381e+00
   1.0000000e+00  -1.9591778e-01   1.9311317e-01  -1.4018430e-01   4.5183916e-01  -3.1830507e-01   7.8317287e-01   7.9699556e-02   1.1468614e+00   9.7369903e-01   1.3326272e+00
   1.0000000e+00  -5.6311760e-02   8.7765943e-01   7.7768233e-01   4.3670330e-02   1.9052208e-01  -5.4741124e-01   3.6827698e-01   9.0177732e-02   1.1120032e+00   5.3756298e-01
   2.0000000e+00  -2.9242547e-01  -8.2361353e-01  -1.0644156e-01  -1.2471761e+00  -7.5702491e-01  -1.0915367e+00  -5.5886690e-01  -1.1879922e-01  -7.6866016e-01  -3.1496646e-01
   2.0000000e+00  -5.0953274e-01   1.6406315e+00  -2.0354698e+00   5.6120695e-01   3.7466996e-01  -2.1963243e-01  -2.0109491e-01  -4.5853967e-01   1.2266424e+00  -9.4753609e-02
   1.0000000e+00   6.1431285e-01   2.9502610e-01   3.7369052e-01   3.4863235e-01  -7.6553101e-02  -6.8545859e-01   2.1965490e+00  -1.1328070e+00  -1.6712788e-01  -7.3934086e-01
   2.0000000e+00  -1.9883323e+00   4.1817266e-01  -8.8853313e-01   1.0667701e-01  -8.2374137e-01   1.5014063e+00   9.7624187e-01   8.3502597e-02   3.2297567e-02   1.2959953e+00
   2.0000000e+00   8.4588336e-01   9.8702780e-01  -7.2768482e-01   6.2302243e-01  -3.7034621e-01   9.8373919e-01  -5.9030469e-01   1.8184476e+00   3.5547901e-02   5.5994666e-01
   2.0000000e+00  -5.0163946e-01   6.8497252e-01   1.6839413e-01   1.5855377e+00   1.0264020e+00   1.4189421e-01   7.7194263e-01   3.3160877e-01  -1.4913895e+00   1.6873274e-01
   2.0000000e+00   1.3595466e-02  -1.5536967e+00   3.6054657e-01   7.1491840e-01  -2.7392174e+00  -2.6299823e-01  -2.8149578e-01   5.8003491e-01   4.9673101e-02   1.1249012e+00
   1.0000000e+00  -7.7341847e-01   3.5071813e-01   5.6449774e-01  -7.8468050e-01   5.5968635e-01  -4.5612287e-01   1.2107458e+00   4.8476095e-01   8.7204439e-01  -1.4802086e+00
   2.0000000e+00   8.6306199e-01   6.2954993e-01   9.7403711e-01  -8.5264226e-01  -1.2853820e+00   1.9811817e-01  -1.1925558e+00   8.6686439e-01  -9.8676931e-01   4.6466429e-01
   2.0000000e+00  -2.6819979e-01  -2.2162295e-01   1.1528673e+00  -6.0012598e-01  -8.7245826e-04  -8.0897430e-01   1.3160426e-01  -1.6644311e+00   1.1907732e+00   4.1580984e-01
   2.0000000e+00  -5.2707327e-01  -5.6942783e-01  -1.0099956e-01  -1.1774025e-01   2.3269964e-01  -2.5667899e+00   6.5830875e-01  -2.2459542e+00  -3.1849292e-01   1.3019168e-01
   2.0000000e+00  -1.1515310e+00  -4.7433510e-01   8.3126025e-01  -1.9659991e+00   2.8560609e-01   1.4327800e+00   1.6168070e-01   1.0111524e+00  -7.0269610e-01   9.8952606e-01
   2.0000000e+00  -1.0005347e+00   1.4458103e+00   4.3323835e-01  -3.7800726e-01  -8.1048841e-01   1.3159727e+00  -1.6897574e-01  -1.3912074e+00   1.6231178e-02  -1.3774744e+00
   2.0000000e+00   2.3738102e-01   1.4502173e+00   3.3044774e-01  -5.3243866e-01   1.1324714e-01  -1.4810751e+00   1.4102986e+00  -5.4536406e-01   1.3167947e+00   5.0308041e-01
   1.0000000e+00  -6.9613697e-01   2.2924029e-01   3.6584566e-01   1.6482681e+00   7.6531696e-01  -1.7432364e+00   4.7355095e-01  -1.5797929e+00   5.0169600e-01  -1.8010339e+00
   2.0000000e+00  -1.3555328e-01  -1.0711785e-01  -8.3174833e-01   7.9744727e-01   1.6391396e+00   1.7065171e-01  -1.8308304e-01  -1.2693438e+00   2.2585935e+00   4.1173526e-01
   2.0000000e+00  -6.8290712e-01  -1.5836553e-01   1.4437006e+00  -1.6258550e-01  -5.4584179e-01  -1.0320509e+00   9.1167264e-01  -1.1914735e+00  -4.5009672e-01  -7.0384750e-01
   2.0000000e+00   1.9456100e+00  -5.0599846e-02  -1.7732058e-01  -5.1434542e-01   7.5865309e-01  -5.9931478e-01  -1.1598327e+00   3.7103091e-01  -4.0186359e-01   2.2146046e+00
   1.0000000e+00  -7.6729910e-01   2.1128954e-01  -1.3667429e+00  -9.8614901e-01  -1.5231204e-01   1.5797829e-01   1.8767232e-01   8.6842352e-01  -3.2318358e-01  -9.6338029e-02
   1.0000000e+00   4.9767650e-01   1.2528113e-01  -4.3030153e-01   2.5985354e-01   4.0696156e-01   1.0492987e+00   1.0883205e+00  -4.3708899e-01   4.1662453e-01  -4.3433663e-01
   2.0000000e+00   1.1586972e+00  -4.9849539e-01   6.4061097e-01   1.9366347e-01   3.2862638e-01  -4.4042150e-01  -1.7666745e+00   2.2382695e-01   9.8403690e-01  -4.4917349e-01
   2.0000000e+00   1.9584282e-01  -1.3700299e+00  -3.0396836e-01   2.8700805e+00  -2.2715205e+00   1.3689314e-01  -6.9745041e-01  -6.3942600e-01   2.2845928e-01   6.7987054e-01
   2.0000000e+00  -8.4821889e-01  -9.8947967e-01  -2.8625682e+00   1.0654734e+00  -3.6208853e-01   7.3170434e-01  -1.4440167e+00  -7.4400303e-01   9.4767243e-01  -1.9802640e-01
   2.0000000e+00  -1.3038033e+00  -5.2839997e-01  -2.4700462e-01   3.3921282e-01  -3.8591050e-01   8.0072594e-01   1.0422845e+00  -5.7341462e-01   2.5416135e-02   1.9421927e+00
   2.0000000e+00  -1.7335466e+00   1.3393050e+00   6.4414833e-01   1.1817869e+00  -3.4573618e-01   3.5842834e-01  -3.5038388e-02  -6.0187413e-01   1.3594220e+00   1.2631587e+00
   2.0000000e+00  -9.1411754e-01   1.1601602e+00  -1.4416147e+00  -6.6446535e-01  -8.2955947e-02   1.0523728e+00  -1.1868125e+00  -5.0429126e-01  -1.8394716e-02   1.3699662e+00
   2.0000000e+00  -4.2169718e-01   2.7270833e-01  -4.9127035e-01   6.0227163e-01  -1.4715883e+00   7.2494521e-01   7.8974123e-01   8.4967593e-02   2.0884697e-01  -9.1307175e-01
   2.0000000e+00   2.8321283e-01   9.1077607e-01   9.4558700e-01  -8.0981597e-01   1.5350824e+00  -9.6629244e-01   5.9506066e-01  -2.9589899e-01   5.8736333e-01  -3.2727227e-01
   2.0000000e+00  -2.2622579e+00   4.1263950e-04  -1.7020465e-01   9.7333726e-01  -9.3395115e-01   2.5596591e-02   1.7112465e+00   7.4295787e-01   1.8085720e+00  -1.7745842e-01
   2.0000000e+00  -6.5647842e-01  -7.6856482e-01  -1.1744515e+00   1.7652681e+00   8.2599947e-01   1.2099981e+00  -1.2857577e+00  -3.3406760e-01  -3.0030195e-02   4.1902299e-01
   1.0000000e+00   1.3961569e+00   2.7584757e-01  -9.0962791e-01  -3.2102493e-01   1.0194901e-01  -1.3710097e+00   3.3618233e-01   9.7439944e-01   1.1087462e+00   1.2880179e+00
   2.0000000e+00  -8.7647730e-01   6.0341654e-01  -1.6258614e+00   7.6815071e-01  -1.3549873e+00   6.1912967e-01   1.4313580e+00   1.4818058e+00   9.3515351e-02  -6.2860499e-01
   1.0000000e+00   9.9245486e-01   2.9430135e-01  -1.3963807e-01   1.8099741e-01  -3.9100039e-01  -9.7123601e-02   1.1625981e+00   2.4716004e+00  -3.5322830e-01  -8.9933807e-01
   2.0000000e+00   8.9265419e-01   1.1625167e+00   2.1973154e+00  -4.8051110e-01  -2.1314183e+00   9.2094552e-01   4.1658353e-01   9.7395311e-01   1.4401864e+00   5.9196833e-01
   2.0000000e+00  -4.1553113e-01  -8.9535172e-01   1.1322980e+00   6.6748439e-01  -1.2430908e+00   2.2694960e-01  -1.7612681e+00   1.4930402e-02  -1.3567085e-04   1.2528608e+00
   2.0000000e+00  -7.7370194e-03  -1.2619263e+00   1.2087385e+00  -2.5280312e-01  -1.4437009e+00   4.0403253e-01  -9.3123444e-01   4.4996131e-01   3.5027403e-01   2.2082366e+00
   2.0000000e+00   3.4974913e-01  -7.5999303e-01  -1.4310202e-01  -6.7134327e-02  -1.0363863e+00   6.1455136e-01   3.2663557e-01   4.8751542e-01  -1.5771233e+00  -8.0357946e-01
   2.0000000e+00   4.6825107e-02  -3.8345748e-01  -6.5725247e-01  -1.4331458e-02  -1.4343559e+00  -1.1841586e-02   9.7139114e-01  -7.3749109e-01  -1.6409482e-01  -6.5051059e-01
   2.0000000e+00  -6.7163290e-01   1.1023938e+00   1.2064657e+00   8.4995012e-01  -9.8948871e-01  -1.0965302e+00  -9.3188512e-02   3.2943938e-02   3.8095979e-01   8.5860530e-01
   1.0000000e+00   6.1280876e-01   1.2123698e-01  -1.1535031e+00   3.9291554e-01   6.8557673e-01  -3.9539789e-02   1.2717633e+00  -8.4836057e-01   6.5699891e-01   7.2157801e-01
   2.0000000e+00  -6.3901495e-02  -3.8215936e-01  -7.9852474e-01   5.5199235e-01   6.4607935e-01   1.3783326e+00  -8.6019249e-01  -1.8112933e-01  -1.2230897e-01   6.5776055e-01
   2.0000000e+00   6.8795269e-01  -7.9350764e-01   1.1572971e+00   2.4116987e-01   5.3528414e-01   1.4585343e+00   6.0303886e-01  -4.5188333e-01   1.7306381e-01   4.3474903e-01
   2.0000000e+00   1.5800834e-01  -5.0482001e-01   3.8545825e-01  -8.7149791e-01   6.1932198e-01  -2.2447512e+00   1.0189565e+00   9.8501625e-01   2.9878378e-01  -1.2146489e-01
   2.0000000e+00   3.1799622e-02  -9.3070658e-01  -4.5581134e-01   1.8635143e+00  -4.2867573e-01  -2.7041803e-01  -1.1397960e+00  -1.2178687e+00  -2.2619454e-01   9.1708478e-01
   2.0000000e+00   1.7399742e-01  -9.8019453e-01  -3.2005424e-01  -2.8416644e-01   7.2000593e-01  -1.5092049e+00  -1.9550813e-01   2.5403324e-01  -4.6025676e-01  -3.5503482e-01
   2.0000000e+00  -5.9015228e-01  -5.7152377e-01   3.1199110e-01  -1.6152110e+00  -9.7305892e-02  -1.0173274e+00   1.2602320e+00  -9.8298015e-01   1.1249306e+00   7.5387350e-01
   2.0000000e+00   1.1844547e+00  -5.4759073e-01   1.2937599e+00  -1.8265434e-01   2.0995822e+00  -7.2511677e-02   1.3078761e+00   6.5719358e-01   1.9229842e+00  -9.4320023e-01
   2.0000000e+00  -1.4432364e+00  -7.9380539e-01  -1.0913521e-01   1.5392229e+00   8.4596584e-01  -3.9899237e-02   6.7154993e-01   1.3746306e+00  -5.6303817e-02   9.5227987e-02
   1.0000000e+00   5.1572811e-01   5.7640291e-01   3.8970888e-01   5.3887874e-02   8.9592622e-03   9.7451807e-01   1.5702747e-01  -2.4899824e-01  -4.7283149e-01  -4.7550963e-01
   2.0000000e+00  -2.3470440e-02   8.1820746e-01  -7.9965302e-01   1.3454949e+00   2.4742127e+00   1.7939177e+00  -4.1538217e-01   4.6579299e-01   3.7978238e-01  -3.0064650e-01
   2.0000000e+00   6.3646389e-01  -1.0565587e-01  -3.6019903e-02  -1.5967561e+00  -4.2390174e-01   4.4191260e-01   8.0669079e-01  -2.4873341e-01   5.2771973e-01   7.0032280e-01
   2.0000000e+00   5.5784709e-01  -1.3695858e+00  -6.2900218e-01   1.0391397e-01   5.6175930e-01  -2.2142594e-01   1.1000662e+00   1.5532282e+00   3.9558164e-01   7.4842043e-01
   2.0000000e+00  -1.0388782e+00   8.4516866e-01  -7.0484723e-01   1.8404495e-01  -3.1285727e-01  -9.1610858e-01  -7.0175686e-01   6.5105423e-01   5.1180702e-01  -4.4570932e-01
   2.0000000e+00   1.8657581e-01  -4.6024864e-01  -1.5029304e-01  -1.0362931e+00   5.9823747e-01  -8.8014226e-01   3.2994124e-01  -2.7771946e-01   7.7120017e-01  -1.1391354e+00
   2.0000000e+00  -5.2174816e-01  -5.6670178e-01   2.3338507e+00  -6.0077267e-01  -5.2678008e-01  -1.1254903e+00   6.9811891e-01   2.2112987e+00  -2.2977047e-01   4.5429856e-01
   2.0000000e+00   7.5125684e-01  -1.9419216e+00   9.1470882e-01  -1.8011235e-01   1.4134789e-01  -1.4503264e+00   1.3819543e-01  -3.0386581e-01  -1.3773020e+00   4.6294125e-01
   2.0000000e+00   1.1880542e+00   1.0801525e+00  -1.7010355e+00   5.9757720e-01   1.4105444e+00  -7.2242348e-01  -3.9343592e-01  -1.1186352e+00  -4.9104775e-01  -1.4306707e+00
   2.0000000e+00   1.9365766e-01   8.1042775e-01   1.6409456e+00  -1.1192182e+00   7.4579397e-01   1.7477870e+00   5.2396828e-01  -2.6946144e-01  -1.0048645e+00  -1.6900204e+00
   2.0000000e+00   9.5858682e-01   9.2514018e-01   6.5368605e-01  -1.0171767e+00  -5.8016786e-01  -1.1135112e+00   4.7878847e-02   1.1880464e+00   5.1392088e-01   1.7529262e+00
   2.0000000e+00   6.6223742e-01  -1.7698526e-01   1.2314919e+00  -9.1940131e-01   3.2105699e-01  -1.5230768e-01  -1.4675499e+00   2.4894082e-01   1.3429331e+00   2.2549677e+00
   2.0000000e+00  -1.0931253e+00  -2.3461528e-01   1.4587968e+00  -7.2102491e-01  -4.1091487e-01  -3.1200292e-01  -3.3655957e+00   4.2264558e-01   7.2180902e-01  -1.0183404e+00
   1.0000000e+00  -3.7341450e-01   4.4950527e-01   6.8558762e-01  -4.9645716e-01   3.2627268e-01  -7.0590306e-01   7.9610321e-01   4.7440792e-02   7.8811168e-02   1.6718718e+00
   2.0000000e+00  -1.4473848e+00  -1.1378724e+00   8.4176518e-02   1.1572767e+00   9.1281281e-01  -7.3806788e-01   3.5948969e-01   7.4301806e-01   2.1743320e+00   1.7674447e+00
   1.0000000e+00   8.5515669e-01   1.9399654e-01   2.1493142e-01  -1.7391634e+00   3.9750568e-01  -1.1332879e+00  -4.0667799e-01  -1.1993367e+00   9.7849759e-01  -6.1841967e-01
   2.0000000e+00   9.9767990e-01  -1.7529157e+00   6.2205904e-01   6.0866921e-01   6.2716561e-01  -4.2812512e-01  -6.3488236e-01  -1.4610333e+00   1.3860968e-01   8.8126738e-01
   2.0000000e+00   9.9689177e-02  -2.1809111e-01   1.8192240e+00  -1.6245695e-01  -5.4349376e-01   1.8667158e-01   3.9082762e-01   1.9834413e+00   8.0612009e-01   1.9981357e+00
   2.0000000e+00   9.3500139e-01   4.2179627e-01  -2.9089250e+00   1.0323497e+00  -9.6665328e-01   6.4436761e-01   1.5834536e-01  -4.2952409e-01  -7.6911773e-01  -1.9899446e-01
   2.0000000e+00  -1.5258379e-01  -3.1270101e-01  -1.7989725e+00  -2.5186421e+00  -1.1397853e+00   4.6165253e-01  -1.7168640e+00   1.4012781e+00   2.8278628e-01   1.9178491e+00
   2.0000000e+00  -1.4047997e+00   1.1543090e+00   1.4432300e+00   2.0813339e-02  -2.5577760e+00  -2.8449110e-01   7.8781480e-02  -7.7333464e-01  -3.9266956e-01   1.3331327e+00
   2.0000000e+00   1.1828424e+00   1.5074442e+00  -6.3932959e-01  -3.9818588e-01  -7.8409420e-01   1.7344552e+00  -9.7056286e-01   9.7533419e-01  -1.8539149e-01  -5.2511841e-01
   2.0000000e+00  -5.2039352e-01  -1.5895948e+00  -4.1475114e-01  -6.2665565e-01  -6.5232032e-01  -8.9925020e-01  -4.8731735e-01   9.9788008e-01  -2.7018513e-01   4.8045952e-01
   2.0000000e+00  -7.6307777e-01  -5.8811941e-01   1.2870164e+00  -1.5630162e+00   8.3312441e-01   3.5742938e-01   1.5901873e+00  -8.3912381e-01  -4.7639021e-01   3.0014152e-01
   2.0000000e+00   1.8776546e+00  -3.2881000e-01   1.7059784e+00   1.8595562e-02   2.7401066e-02  -3.4964362e-02   1.4043436e+00  -2.7879069e-01  -1.1586675e+00   7.5384772e-01
   1.0000000e+00   1.5795845e+00   2.3871354e-01   1.2725473e-01  -8.6424835e-01   3.2043110e-01  -1.8325915e+00  -1.4963998e-01  -6.4434976e-01  -9.3934222e-01   7.9645029e-01
   2.0000000e+00   3.1718840e-01   1.2392937e+00  -2.8092056e-01   3.4216800e-01  -4.0942647e-01   2.5206863e+00  -1.2419598e+00  -4.5718843e-01  -1.5293074e-02  -3.7617051e-01
   2.0000000e+00  -1.7170697e+00   1.3154487e+00  -6.6267107e-02  -2.2799314e-01   1.4596271e-01   8.2092444e-01  -1.4138976e+00  -1.3268559e-01   3.7048885e-01  -1.3971327e+00
   2.0000000e+00  -5.6517472e-01   1.2577648e+00   6.5804422e-02   2.3722398e+00   1.6207968e+00   5.7223167e-01  -1.8968049e-01  -1.1575636e+00  -6.7475087e-01   7.6630548e-01
   2.0000000e+00  -5.6950523e-01  -9.3557878e-01  -1.3423560e+00   4.0517847e-01   4.2302063e-01  -2.5147731e-01   1.6809180e+00  -6.6956188e-01  -5.4391658e-01   1.9153851e+00
   2.0000000e+00   2.1249216e+00  -1.9170570e-01  -9.2913799e-01  -3.6468516e-01   4.1826379e-01  -1.2975691e+00   2.0554807e-01   1.2061916e+00   1.1371824e+00  -2.2253167e-01
   1.0000000e+00  -4.8780233e-01   3.0390058e-01  -6.4855132e-01  -1.1700707e-01  -7.3596183e-01  -1.0928650e+00  -1.5097560e-01  -1.2480031e-01   1.4398587e-01  -3.0014816e-01
   1.0000000e+00   1.0970666e+00   4.9257770e-01  -2.0778389e+00  -5.3567422e-01  -1.2419829e-01   3.0707364e-02  -4.7279275e-01   1.5481330e+00  -3.0438835e-01   1.5110272e-01
   2.0000000e+00   9.9707054e-01  -4.0045461e-01   2.0893221e+00   3.9760723e-01  -5.5856130e-01   8.6431522e-02   2.6671225e-02   4.9912904e-01   4.0101466e-01  -1.0405477e+00
   2.0000000e+00   1.5470559e-01  -1.5652931e+00   2.0512187e+00   6.5938605e-01  -2.0719272e+00   4.0720507e-01  -2.9468388e-01  -2.3824497e-01   1.5447183e+00  -1.7170979e-01
   1.0000000e+00   1.4642348e+00   5.3265520e-01  -6.1609257e-01  -1.9244531e-02  -3.0765582e-01  -1.5084660e+00   2.6531173e-01  -4.1550796e-01  -5.7493586e-01   7.4378341e-01
   2.0000000e+00   5.9024757e-02   1.6725868e+00   3.6583523e-01   1.6531824e-02   2.9419784e-02  -9.3832569e-02   2.4087235e-01   4.8137933e-01  -1.4333532e-01   1.4185524e+00
   1.0000000e+00  -1.3005493e+00   3.2665873e-01  -1.1268872e+00  -6.0221670e-01  -3.2658725e-01   2.0123939e+00   1.1863821e+00   1.0263922e+00   1.3103258e+00  -1.9043378e-01
   2.0000000e+00  -1.6671504e+00  -1.8484240e+00  -2.0327623e+00  -1.4303547e+00  -2.0499524e+00   1.2726171e+00   1.4793484e+00  -2.1631903e+00  -9.4166196e-02   6.7123024e-01
   1.0000000e+00  -3.4899669e-01   2.4710477e-02  -5.5886662e-01   9.7767863e-01  -3.2424995e-01  -2.3766276e-01  -6.1163854e-01   3.5831103e-01  -3.0566381e-01  -3.7802211e-02
   2.0000000e+00  -7.7032319e-01   1.1410366e+00   6.7632908e-01  -8.4220481e-01  -1.5850178e-01   1.0782396e+00   1.5764724e-01   4.2137219e-01  -8.0060247e-01  -8.7846450e-01
   2.0000000e+00   1.4908442e+00   1.3069662e+00   1.4435556e-01   6.6240341e-01   1.7162371e-01  -4.0012358e-01   1.5338691e+00   2.7565652e-01  -1.6473102e+00  -7.0460918e-01
   1.0000000e+00   4.8451287e-01   1.3079440e-01  -1.0363565e+00  -8.4563430e-01  -1.8225261e-01  -1.2361500e-02   2.3691998e+00  -5.2324989e-01   4.9996462e-01   6.9428608e-01
   2.0000000e+00  -5.0933877e-01   1.1098416e+00   8.9978436e-01   1.2452846e+00  -9.6687352e-01   3.5955500e-01  -4.5620658e-01   4.6683321e-01  -1.2889825e+00  -7.6703591e-01
   2.0000000e+00   1.2425577e+00   1.6295395e+00  -2.3883380e-01  -1.2609418e+00   1.2597152e+00  -4.1646725e-01   1.8989540e+00  -1.1252541e+00   9.1176359e-01   4.3433032e-01
   2.0000000e+00   1.0979964e+00  -5.5150357e-01  -4.5386733e-01  -2.0360911e-01   2.6206076e+00  -1.1574848e+00  -6.7407718e-01  -6.9497380e-01  -1.9005514e+00   1.3464229e-01
   1.0000000e+00  -1.0402033e+00   2.8530646e-01  -1.0426776e-01   5.1346376e-01  -7.0670708e-01   5.5510872e-01   6.4802294e-01  -1.3009808e+00   5.6735777e-01  -1.1199261e+00
   2.0000000e+00   1.3787202e+00  -4.3317720e-01  -8.9084641e-01  -6.8910446e-03   4.0041738e-01  -9.3788355e-01  -1.2942761e+00  -1.9807213e-01   8.0830686e-01   8.5932405e-01
   1.0000000e+00   4.5100015e-01   5.5922924e-01  -5.9351495e-02  -6.9937200e-02  -7.3431275e-03  -1.9951858e+00   8.1768662e-01   2.5552457e-01   4.6935724e-01  -1.2676804e+00
   1.0000000e+00   5.9208985e-01   1.6337295e-01   9.3607190e-01  -1.0072644e+00  -3.0742032e-01  -1.1226186e+00  -5.8052261e-01  -2.1423493e+00  -1.2474717e-01   3.0554258e-01
   2.0000000e+00   7.7337102e-01   1.7071140e-01  -1.0598936e+00   7.0944149e-01  -1.3616479e+00  -1.2658943e+00   9.3310703e-01  -8.2597283e-01   5.6460356e-01   9.0127200e-01
   2.0000000e+00   5.5076248e-01  -6.5580104e-01  -6.9197941e-01  -1.6431857e+00   2.1973769e-01   9.9671536e-01  -8.9055664e-01  -7.9951348e-01  -4.6352841e-01   2.9320394e-01
   2.0000000e+00   1.2226931e+00  -6.2012159e-01  -9.6625603e-01  -7.3783617e-01  -1.9571539e+00  -2.1455417e+00  -1.5748711e+00   3.7034466e-01  -1.4804007e-02  -8.8175252e-01
   2.0000000e+00  -6.9319714e-02  -1.7951291e+00   6.4434096e-01  -1.1880279e+00   2.5976673e+00  -1.3974403e-01  -2.2800505e-01  -1.4187565e+00   5.6127186e-01  -2.6307139e+00
   2.0000000e+00   2.6977572e-01   6.9507692e-02   5.9183756e-01  -8.7632519e-01  -1.4139535e+00   7.8945848e-01  -1.2370097e+00   1.0893643e-02   8.8760170e-02  -2.3180063e-01
   2.0000000e+00  -3.7319245e-02   1.4751371e-01  -2.3503066e-01   1.8709618e+00  -1.1121054e+00  -1.7988493e-01  -1.4191041e+00   1.4947054e+00   1.0137934e+00   1.1068477e+00
   1.0000000e+00   9.4141221e-01   8.2841199e-01  -8.5492108e-01  -2.0711034e+00  -2.0591547e-01   4.1176322e-01  -2.1954874e-02  -1.0761982e+00  -5.4279861e-01  -1.7042241e-01
   2.0000000e+00  -1.4345321e+00  -9.4771674e-01  -2.8646906e-02  -1.1175796e+00   2.0295792e+00   7.6999468e-01  -7.9530584e-01   8.4856442e-02  -5.3129253e-01  -7.4565637e-01
   2.0000000e+00  -2.8662919e+00   9.3084920e-01  -2.4909892e-01  -1.6303166e+00   8.2673712e-01  -1.0615605e+00  -7.0633396e-02   2.6025821e-01   4.1558411e-02   2.9827864e+00
   2.0000000e+00   4.5477448e-02  -7.8374962e-01   1.7053222e-01  -1.4984453e+00   6.9840351e-01  -6.4869734e-01  -6.4304913e-01   1.6438106e+00   9.1708405e-01  -2.8237302e-02
   2.0000000e+00  -5.2991170e-01  -1.3366897e+00  -3.8817556e-01   1.8801798e+00   2.4677613e-01   4.5337072e-01   5.6530677e-01   7.6447615e-01  -1.3071333e+00  -6.5664219e-01
   2.0000000e+00   8.9808507e-01   1.2463648e+00  -1.4068283e+00   7.1424848e-01  -5.4279040e-01   5.4780701e-01   1.2283984e+00   1.2452945e+00   2.0871427e+00  -1.7465232e+00
   2.0000000e+00  -1.3189817e+00  -1.4731808e+00   5.0814671e-01   4.3807207e-01  -4.8119738e-01   2.9365028e-01  -1.5589396e+00  -6.5904936e-02  -6.7222014e-01   1.0717565e+00
   2.0000000e+00  -1.0088332e+00   1.5495295e-01   4.9295374e-01  -1.5953194e+00  -1.8228326e+00  -7.4361686e-01  -1.1215200e+00   1.8456053e+00   2.4338560e-01  -1.6473699e+00
   2.0000000e+00   8.5247899e-02   7.2651120e-01  -1.7292535e+00   9.0492407e-01   8.3846203e-01   8.7666586e-01  -3.6737452e-01  -6.5555357e-01   2.3605300e-01   5.2244818e-01
   2.0000000e+00  -3.0205255e-01  -1.5662622e+00   2.1652313e+00  -2.7648915e+00   3.5333357e-01   6.7491674e-01  -1.4215747e-01   5.6150351e-01  -1.1485140e-02  -3.3013178e-01
   2.0000000e+00   6.0512516e-01   2.9956331e-01  -7.5490739e-01  -2.9769465e-01  -1.1585867e+00   2.5762209e+00   3.3339236e-01  -1.0507712e-02   8.4747458e-01   1.5936280e-01
   2.0000000e+00   9.9362333e-02   8.7117284e-01   1.0181439e-01  -9.5216960e-01   1.8377765e+00   1.3132791e+00  -1.7696401e-01  -5.9596338e-01   1.2726954e+00   7.6632112e-01
   2.0000000e+00   4.8916088e-01   1.5305120e+00  -2.3823240e+00  -1.6189434e-01   9.6294467e-02   1.2322335e-02  -3.9057461e-01   6.9438638e-01  -2.2083395e-01  -1.7051267e-01
   1.0000000e+00   7.7537357e-01   7.8215925e-01   1.1630534e+00  -6.1220349e-01   2.3831612e-01   6.0892442e-01   3.8013936e-01  -5.7814899e-01   6.6156010e-01  -3.5772363e-02
   2.0000000e+00  -3.5316893e-01  -3.2721648e-01  -7.6269405e-01   1.9879304e-01  -4.5203615e-02   9.5165645e-01   1.9537103e-01   1.3404367e+00  -1.4557023e+00  -2.9585519e-02
   2.0000000e+00   9.6452427e-01   3.8517683e-01  -8.0036407e-02  -2.9771180e-01   7.4147658e-01  -8.0792342e-01   3.1624694e-01  -6.5838738e-02  -1.1687719e+00  -2.6275671e+00
   1.0000000e+00  -3.2161284e-01   5.4279802e-02   1.0015663e+00  -1.9223734e+00   1.8848903e-01  -1.6838350e-01   6.1869588e-01   1.6795868e+00  -9.2578208e-01  -7.8459922e-01
   2.0000000e+00  -2.0935858e+00   1.3766545e+00   1.7708242e+00   1.2196227e+00  -3.2881937e-01   2.0151481e-01  -1.6759890e+00   3.5522757e-01   1.2780085e+00  -1.3417398e+00
   1.0000000e+00  -1.0849870e+00   7.3488331e-01  -2.2050818e+00  -5.2072552e-01   1.5034464e-02   4.8253289e-01   1.3265726e+00   4.3830975e-01  -7.2396642e-01   5.1082479e-01
   2.0000000e+00   2.4512138e-01  -8.5240467e-02  -3.1584134e-01   1.7496282e+00  -1.3443615e+00  -4.4536103e-01  -3.5647189e-01  -1.4217057e+00   1.1625575e+00   1.7596187e+00
   2.0000000e+00   1.0458942e-01  -4.8268563e-01   1.8708520e-01  -2.3643547e-03   1.8127876e+00  -1.1666705e+00   4.4791791e-01  -1.1475493e+00  -4.6165074e-01  -7.4613770e-02
   2.0000000e+00  -4.9874553e-01   1.0651537e+00   6.1892304e-01  -3.4597908e-01   2.5534835e-01   1.3116734e+00   2.1203320e-01   2.8098282e-01  -4.6359036e-01  -1.5602096e+00
   2.0000000e+00   8.9279719e-02  -5.4048706e-01  -1.3792737e+00  -4.8584635e-01   5.6233469e-02   3.7041669e-01  -1.2788171e+00  -1.2391298e-01   1.0694132e-01   1.5721637e+00
   2.0000000e+00   6.5231023e-01   1.1901395e+00   3.2408029e-02   5.3770549e-01   1.8451115e+00   9.1437021e-01   4.0193636e-01  -2.7697965e-02   5.0828052e-01  -1.0493799e+00
   2.0000000e+00   1.3693044e+00  -1.2100766e-01   1.9809873e+00  -5.8897103e-01  -1.9475368e+00  -5.1869065e-02   7.3682541e-01  -2.0899706e+00  -1.5920258e-01  -1.0972736e+00
   2.0000000e+00   6.5639704e-01  -2.8205809e-01   3.7505473e-01  -5.8638669e-01   3.7120766e-01   5.1527007e-01   1.5075461e-01   1.4021838e+00  -5.4618473e-01   4.8663769e-01
   2.0000000e+00   3.0525410e-01   1.1076360e+00   6.7879030e-01  -8.9585305e-01   2.6700070e-01   6.4126012e-01   6.5618091e-01   7.0739793e-01  -7.0509979e-01  -2.4420431e-02
   2.0000000e+00  -1.0782457e+00   1.5614435e+00   3.0145460e+00   2.7791591e-01   5.7234586e-01  -5.0375216e-01  -1.9239721e+00  -1.2315130e+00   9.2533377e-02  -1.0464559e+00
   1.0000000e+00   6.8454215e-02   5.8494979e-01   2.3461538e+00  -1.1175640e+00  -2.8325299e-01   7.2733418e-02   4.4784961e-02   1.5223060e-01  -7.5413109e-01  -1.0325634e+00
   2.0000000e+00  -1.3022228e-01  -1.2579550e+00  -1.5665207e-01   1.7724190e+00  -1.4535405e-01   8.8377991e-01   3.9965210e-01  -7.9363000e-01   2.5517582e-01   1.3832851e+00
   2.0000000e+00  -6.8466299e-01  -1.1004352e+00   6.6124463e-01   2.0754689e+00   8.1601107e-01  -1.4293226e+00  -1.7622390e+00   8.8502856e-01   3.3167114e-01   4.7247485e-01
   2.0000000e+00  -9.8444046e-02  -3.2013517e-01  -4.3353503e-01  -9.5761534e-03   6.1804341e-01   3.5704714e-01   5.3036282e-02  -1.1122617e+00   1.2230923e+00   4.8087785e-02
   2.0000000e+00  -7.6650398e-01   1.7674082e+00  -9.2478980e-01  -2.2416474e+00   1.1043169e+00  -1.3447847e+00   1.0905529e+00   9.2070678e-01  -1.3223638e+00  -2.8861014e-01
   2.0000000e+00   1.3974706e+00  -1.9016717e+00  -6.6794598e-01  -1.7775437e+00   3.7298600e-01   2.8120575e+00   3.5937774e-01   1.8743031e-01  -1.6218714e+00  -1.6461277e+00
   2.0000000e+00  -1.1125744e+00  -9.3339251e-01  -1.1259820e+00  -8.2683633e-01   1.6088413e+00   7.1600436e-01   1.4258778e+00   2.7233154e-01   6.5252211e-01   3.7865467e-01
   2.0000000e+00  -8.5731100e-01  -1.9172208e-01   6.6362520e-01   1.2747711e+00  -1.8721871e-01  -8.9059967e-01  -1.1661653e-01  -7.7454766e-01   6.3727721e-01   4.9784934e-01
   2.0000000e+00   1.0926615e-01   1.2036884e+00   6.6052320e-01  -2.7398376e-01   3.7085806e-01  -1.0616617e+00   3.8635146e-01   7.6374987e-01  -7.6510433e-01  -7.6317537e-01
   1.0000000e+00  -9.9726532e-01   5.6576420e-01  -6.6483562e-02   8.5525196e-01   5.3005245e-01   1.1496311e+00   1.1298901e+00  -8.7543522e-01  -4.1950375e-01   6.7213129e-01
   2.0000000e+00   1.6561822e+00   1.2712079e+00   1.3747180e+00   1.7108022e+00   5.8091252e-02  -1.3491961e-01  -1.3470115e+00  -1.4060901e+00  -2.6172549e-01  -1.9761365e-01
   2.0000000e+00  -1.3724827e+00   8.2195836e-01  -1.9910030e+00   2.6666592e-01   5.6775510e-01  -7.1349350e-01   4.0255998e-02   2.4366262e-01   2.0658014e-01  -9.0196387e-01
   2.0000000e+00  -7.8680993e-01  -1.1170655e+00   1.8099397e+00   1.0996885e-02  -1.2893645e+00  -9.9169688e-02   1.7216411e-02  -1.9035410e+00   4.2070091e-01   2.2558829e-01
   1.0000000e+00   1.3631840e+00   4.2187195e-01  -3.6698700e-01  -1.5399530e-01  -5.3393454e-01   3.4679327e-01  -7.6099256e-02  -2.4799797e-02   9.7190727e-02   5.7689441e-01
   2.0000000e+00   1.1783822e+00   8.1557413e-01  -4.8444760e-01   1.9148141e-01   1.1112064e+00   6.7876155e-02   1.3893059e-02   1.6770924e-01  -3.6825338e-01   2.9769750e-01
   2.0000000e+00   8.0712990e-01  -6.7533341e-02  -1.4983712e+00   7.5527204e-01  -9.0296134e-01  -1.1553123e+00  -2.6370561e+00   3.2422235e-01  -4.2422386e-02  -5.8293091e-01
   2.0000000e+00  -6.0368014e-02  -3.7937424e-01   9.2433943e-01   1.0473921e+00  -1.5699996e+00  -2.3972681e-02  -3.2047239e-02   4.6642345e-01   3.9049576e-01   2.8325084e-01
   2.0000000e+00  -4.3771859e-01  -2.1131869e+00   1.5095760e+00   1.8218625e+00   1.6702763e-01  -9.2292269e-01  -4.5800166e-01  -1.2187330e+00  -1.5598337e+00   1.9026780e+00
   2.0000000e+00   1.4000973e+00   6.4278479e-01  -2.5658398e+00  -1.0846758e-01  -2.2802436e+00   8.3201136e-01  -2.9876485e-01  -6.2802088e-01  -1.4051552e+00  -1.2151681e+00
   1.0000000e+00  -9.7566950e-01   5.1757221e-01  -1.7725152e+00   1.0244748e+00  -1.8420249e-01   6.3696103e-01  -8.5156972e-01   2.1755185e+00   6.1799057e-01  -9.6802820e-02
   2.0000000e+00  -1.8625626e+00   3.7648162e-01   1.3158769e+00   1.8882066e+00  -1.3411619e+00  -7.4793904e-01  -5.4233792e-01   7.8435469e-01  -8.1446934e-01  -9.5891390e-01
   2.0000000e+00   3.3345784e-01   5.0804839e-01  -6.6443155e-01  -1.7118247e+00   7.5895357e-01   2.6949857e-01   3.6468131e-01  -1.0179383e+00   1.1513760e+00  -1.6598734e-01
   2.0000000e+00  -1.5078467e+00  -6.4689145e-01  -2.5765258e+00  -9.9194081e-01  -9.1499384e-02  -6.0106726e-01   1.1942455e+00   1.0808986e+00  -2.6856788e-01   2.6514123e-01
   2.0000000e+00   3.9547575e-01  -2.0994269e+00  -1.1463958e+00  -6.6798861e-01  -2.6917824e-01   1.3498844e-01  -1.1796445e+00  -1.0448544e+00  -2.2661368e-02  -5.3845490e-01
   2.0000000e+00   1.7437588e+00   5.9733876e-01   6.1039180e-01  -4.2167316e-01   1.6799787e+00   1.5848237e+00  -4.2284590e-01   1.4206088e-01   1.9493325e+00  -4.3522642e-01
   1.0000000e+00   2.2047525e-01   2.2973680e-01   1.7218700e+00  -3.9427137e-01   6.2279272e-01  -4.3982336e-01  -1.0780262e+00   6.0698392e-01   1.0280767e+00  -1.3714292e+00
   2.0000000e+00  -1.6391848e+00   1.0480048e-01   1.2100612e+00   4.1219257e-01   9.1214743e-01   3.7684633e-01   2.6034768e-01   4.5736734e-01   6.2330933e-02   1.6754998e+00
   2.0000000e+00  -6.7554408e-01  -1.3996717e+00   1.9171689e+00   6.7159706e-01   4.7174504e-02   1.3825964e+00  -3.8583482e-01  -1.1707180e+00   4.3780573e-01  -6.9473504e-01
   2.0000000e+00  -5.2137584e-01   1.1682888e+00   2.3410974e+00   1.3125220e+00  -3.9857574e-01   2.2151837e+00   1.6691328e-01   1.5763896e+00   1.4937145e+00   7.3002464e-01
   1.0000000e+00  -1.1022460e+00   1.6071328e-01  -5.5889211e-01  -8.2432178e-01  -7.4103843e-01   1.9027337e+00  -3.0952092e-01   1.3257023e-01  -1.4958973e+00   7.0603875e-01
   2.0000000e+00   1.0811249e+00   1.6462146e+00   5.5811901e-01  -6.0400282e-01   2.2702409e+00   1.5559621e+00  -5.4461724e-01  -9.0576113e-01  -7.8980721e-01   1.1100390e+00
   2.0000000e+00   3.8103426e-01  -1.6351011e+00   6.2002193e-01  -1.8558228e+00  -1.3681991e+00   7.5230197e-01  -1.5253138e+00   3.9747453e-01   2.9871382e+00  -5.1028531e-01
   2.0000000e+00  -5.3462744e-01   1.3954960e+00  -1.0203679e+00  -3.2030518e-01  -1.0834577e+00   1.5274207e+00   2.3790313e+00  -7.8930838e-01  -9.8712441e-01   6.8114010e-01
   2.0000000e+00   7.6024573e-01   1.0007770e+00  -6.5797102e-01   1.3968752e+00  -1.6007039e-01   4.5695161e-01   4.8232520e-01  -7.2832981e-01   1.1326059e+00   1.2197012e+00
   2.0000000e+00  -6.8191494e-01   1.1766658e+00   1.4612407e+00  -2.6099591e-01  -1.1941596e+00  -1.1112404e+00   2.5475359e-01   9.5084846e-02  -1.1608385e+00  -2.8575563e-02
   2.0000000e+00  -7.4663869e-01   8.3381954e-01  -2.6447066e-01   1.4161953e+00  -2.1844363e+00  -7.4408093e-01   9.4378222e-01   1.1391842e-01  -1.2816203e+00   1.0576884e-03
   2.0000000e+00  -1.3971477e-01  -1.2869210e+00  -4.0512135e-01  -5.6424666e-01  -1.6304063e+00  -1.4206543e-01   1.5098911e-01   3.8332609e-01   4.1447279e-01  -4.1382669e-01
   2.0000000e+00   5.5997977e-01  -1.6398809e+00   1.5022576e+00   1.0260249e-01   5.5608040e-01   1.0253124e-01  -3.5234461e-01   5.7244246e-01  -2.1131173e+00   7.2967357e-01
   2.0000000e+00   5.2744972e-01  -1.2779556e-01   6.5046803e-02  -1.7323856e+00   6.9156039e-01  -9.6958437e-01   1.0010963e+00   1.5038494e+00   1.1624805e+00  -7.3913493e-01
   2.0000000e+00   1.9765436e+00   5.0158496e-01  -2.7791634e+00   1.7450447e-01   6.8514965e-01  -1.9186084e+00  -2.0975832e-01   2.7847103e-01   1.1187850e+00   2.8733473e+00
   2.0000000e+00  -1.7941506e+00  -1.0419093e+00  -1.3245915e+00  -9.4298775e-01  -1.8035943e+00   1.1534682e+00   1.1392833e-01  -8.9890886e-01   5.3148239e-01   3.9662033e-01
   2.0000000e+00  -1.4521696e+00   5.6644605e-01   7.7833042e-02  -7.4442091e-01   2.3924289e-01   1.5453296e-01  -1.0168891e+00  -2.2380508e+00  -5.8554902e-01   2.2707700e+00
   2.0000000e+00   1.8656548e+00  -7.5462564e-01   3.0592948e-01  -2.7598387e-01   1.2144338e+00  -5.4287849e-02   2.2296635e-01  -9.2092472e-01  -5.3517822e-01   1.1822805e-01
   2.0000000e+00   1.7930413e+00   4.9398169e-01   8.3335601e-01  -2.1432909e+00  -1.0566561e+00  -1.1080165e+00   6.0340963e-01  -9.5687891e-01   9.4511365e-01  -4.3378889e-03
   2.0000000e+00  -5.0147184e-01  -1.4168325e+00  -9.0109759e-01  -8.0747553e-01   1.6493148e-01  -1.3033996e+00   1.4342124e+00   6.3246275e-01  -4.0023876e-02   1.3349299e-01
   2.0000000e+00   1.1532560e+00   1.0544762e+00   8.8630372e-01  -1.9125349e+00  -1.7642081e+00  -2.4901218e-01   1.1729992e+00   2.2865908e-02  -6.0881172e-01   2.9018447e-01
   2.0000000e+00  -1.2474559e+00  -4.4850628e-01   1.0608946e+00  -6.1003628e-01  -9.6327816e-01   7.7876186e-01   9.1963369e-01  -7.8122443e-01   9.7179507e-01  -2.2366397e+00
   2.0000000e+00   8.4848844e-02   7.1867042e-01   2.0070752e-01  -1.3983380e+00  -2.0882563e+00  -1.4021342e+00   8.1239311e-01  -3.9880245e-01   4.8394940e-01  -3.6784331e-02
   2.0000000e+00  -2.7443270e+00  -1.0732403e+00  -1.1971220e+00  -1.9458940e+00  -1.6918768e-01  -8.0941864e-01   1.4070127e+00  -5.7123158e-01  -1.1817193e-01   2.5043301e-01
   2.0000000e+00   6.9618280e-01   1.3404871e+00   1.0170303e+00   7.1456988e-01  -1.2226346e+00  -2.3813429e-01  -5.0428014e-01  -1.4206869e+00  -2.9211695e+00   1.7253344e+00
   2.0000000e+00  -3.0292184e-01   1.1959967e+00  -9.6101748e-01   9.1019003e-01   2.8939103e-01  -6.2145037e-01  -1.0732916e+00  -5.8530788e-01  -6.1196993e-01   1.6499759e+00
   2.0000000e+00   8.2885436e-01  -1.4593483e+00   5.0273347e-01  -4.0087818e-01   8.5856526e-01  -8.8510374e-01  -8.6022100e-01   2.8537103e-02   7.7457874e-01  -4.7300641e-01
   2.0000000e+00   5.0513447e-01   8.6884674e-01  -6.7814802e-01  -6.8782459e-01   1.3140109e+00   1.3181244e-01   3.0156311e+00  -1.3831335e+00   3.0745350e-01   1.3478518e-01
   1.0000000e+00   6.6837464e-01   1.5916800e-01  -1.1809527e+00  -9.7108778e-01   7.4560844e-01   9.9726010e-01   5.8090010e-01  -2.3180484e-01   8.1389648e-01  -3.0377158e-01
   2.0000000e+00  -1.5129695e+00  -1.8845973e+00   1.3048145e+00   1.4084459e+00   7.5242349e-02   1.4073644e+00   1.7903335e-01   3.8233053e-01   5.8873251e-01  -2.8384266e-01
   2.0000000e+00   7.3338455e-02  -2.7551163e-01   5.2374292e-01  -1.5463498e+00  -1.4876480e-01   1.5252024e+00  -3.6633684e-01  -1.2336584e+00   6.6028970e-01  -5.9730061e-01
   2.0000000e+00   9.8950771e-01   8.0862585e-01   1.1909306e+00   2.3553835e+00  -1.9337308e+00   1.0150989e+00   5.9725648e-01  -1.6363975e+00  -5.3126647e-02  -5.1609405e-01
   2.0000000e+00  -3.6937372e+00  -1.5609442e-01  -1.4274424e+00  -1.7684242e+00   2.9645375e-01  -9.8789700e-01   7.8903171e-01  -2.7570232e-01   4.3630040e-01  -1.6765456e+00
   2.0000000e+00  -1.3684143e+00   2.5906898e+00  -8.6681998e-01  -3.4892384e-01   1.7315926e-01   6.9586701e-01   1.1582098e+00   1.1383068e-01  -4.8171092e-01  -2.0166104e-01
   2.0000000e+00   1.4619671e+00   1.3512101e+00  -9.1148177e-01  -3.1870308e-01  -3.2544067e+00  -5.6859998e-01   3.1282908e-01   1.3216813e+00  -8.4126636e-02  -6.6873409e-01
   2.0000000e+00   1.0239640e+00   1.2239531e+00   5.8340021e-01   1.7706045e+00  -5.7325160e-01   2.3590160e-01  -5.1755257e-01  -8.8285033e-01  -1.1112969e+00   6.0146620e-01
   2.0000000e+00   1.3964825e+00  -1.2544957e-01   4.9341245e-01   7.7002690e-01   5.1753161e-01   3.3183034e-01   7.9945759e-01  -3.8001412e-03   5.4450398e-02  -3.2734546e-01
   2.0000000e+00  -1.7282681e-01   3.8873317e-02   5.1738643e-01   8.7271886e-01  -2.1019692e+00   5.0656565e-01   1.6492390e+00  -1.4885827e+00  -1.0367234e+00  -1.6496320e+00
   2.0000000e+00  -1.7738366e+00   9.6120087e-01   6.1985120e-01   4.9288585e-01   1.7252367e+00   9.5405928e-01   1.0166992e+00   4.0806348e-01  -1.1825883e+00  -1.7119818e+00
   2.0000000e+00   2.7058943e-01  -5.8144685e-02  -1.6435984e+00   2.0942138e+00   1.0755508e+00  -3.4229873e-01   3.9980865e-01  -3.2314392e-03  -1.4924908e+00   6.5107843e-01
   2.0000000e+00   2.9485741e-01  -3.1054062e-01   5.1625458e-01  -5.0103717e-01  -2.4434704e-01  -5.5267907e-01  -8.2270528e-01   3.6729354e-01  -1.5610469e+00  -4.2046232e-01
   2.0000000e+00   1.6487817e+00   1.4576901e-02  -1.9559176e-01  -2.1399606e-01   7.8058129e-01   8.7380694e-01  -9.2756226e-01  -5.2090662e-01   3.7142319e-01   2.3348385e+00
   2.0000000e+00  -5.2527364e-01   1.0976927e+00   5.3862234e-02  -1.6097357e+00   9.1545097e-01  -6.6432688e-03   5.1100274e-01  -3.0514598e-01  -8.1440373e-01   1.2426451e+00
   1.0000000e+00   4.1419911e-01   3.8799239e-01  -8.7881053e-01   3.0218144e-01   3.5028618e-01  -6.4684263e-02  -3.9575117e-01  -6.7413337e-01   7.4685279e-02  -1.4419001e+00
   2.0000000e+00   1.6456096e-01   1.0808911e+00   2.1884701e-02  -5.8064158e-01   8.0491825e-01  -2.0964448e-02  -1.3725557e-01  -3.2195862e-01   2.5696967e-01   1.0850413e+00
   2.0000000e+00  -1.0262383e-01  -1.3218667e+00   2.7626453e-01  -1.5859739e+00  -1.4120151e+00   5.1315342e-01  -5.2700993e-01  -1.3283227e+00   9.0811529e-02  -3.9924922e-01
   2.0000000e+00   7.8051189e-01   1.4111907e+00  -3.1457268e-01   1.6750105e-01   4.0653965e-01  -6.6592347e-01   1.2590706e+00   1.0533935e+00  -6.6441416e-02  -1.1593547e+00
   1.0000000e+00  -9.7695792e-02   7.7147474e-01  -5.0613175e-01  -5.9729416e-01   1.5392930e-01  -1.8548643e+00  -2.5314850e-01   1.9700042e+00   1.0242129e+00   1.0489057e+00
   1.0000000e+00   2.1981012e+00   3.3575191e-02  -1.3463801e+00   8.3089273e-01  -1.6365593e-01  -3.0366220e-01  -5.6419597e-03  -6.8843658e-01   1.5231693e+00  -1.5654722e-01
   2.0000000e+00  -1.2121476e+00  -8.9008421e-01  -1.9145221e-01   4.1093562e-01  -3.7469398e-01  -1.9521598e+00   1.5578046e+00   1.9426760e-01   9.1336204e-01  -1.5049153e+00
   1.0000000e+00   1.2117726e+00   4.6266892e-01  -5.1528487e-02  -6.2002913e-02  -1.4144775e-01  -1.6242476e-01   1.4610475e+00  -3.0449633e-01  -7.5380021e-01   1.7707870e+00
   2.0000000e+00  -8.7681766e-01   1.1744114e+00   8.7740018e-02  -2.7779794e-01  -8.6215319e-02   4.7014750e-01  -1.3803880e+00   4.1946307e-01   3.3134550e-01   3.0418154e-01
   2.0000000e+00   5.1690999e-01  -2.0135775e+00  -1.4654537e+00  -3.0291165e-01  -3.9920554e-01  -2.1982622e-01   6.9492092e-01   3.3645038e-01  -2.5744927e-01   1.5229841e+00
   1.0000000e+00   1.3580010e+00   7.4322916e-01   1.0152442e+00  -1.1036577e+00  -4.8418363e-01  -1.7548834e-02  -5.8142374e-01  -2.0273007e-01  -8.2493400e-01   8.7867810e-01
   2.0000000e+00   4.0651372e-01  -7.9188068e-01   4.1131771e-01   4.2320689e-01  -8.9144139e-02   2.7873826e+00  -1.6965722e+00  -8.5010940e-01  -4.3465631e-01   9.0439105e-01
   2.0000000e+00   4.7607429e-01   1.8997703e-02   1.9181727e-01  -5.7942854e-01  -1.2300555e+00  -6.4383644e-01  -3.4921193e-01   4.1207550e-01   1.5603650e+00   7.5845195e-01
   2.0000000e+00  -3.6128844e-01   6.1615956e-01  -9.0162538e-01   6.4926754e-01  -1.1509569e+00  -7.0192718e-01   1.7563122e-01   9.8127368e-01  -2.1301552e+00  -1.2688548e+00
   2.0000000e+00   3.9599152e-01  -1.5943973e-01   1.7146864e-01  -1.2227972e+00   6.0192733e-01  -1.3184850e-01   8.2952215e-01   1.1871404e+00   1.0880264e+00   6.9691838e-01
   2.0000000e+00  -1.3894866e+00   7.8554550e-01  -5.7028245e-01   8.7902733e-01   1.8720847e+00   2.8254244e-01  -6.1274564e-01   1.4022864e-01  -3.7625047e-01   7.5271259e-01
   2.0000000e+00   6.7151158e-01   6.0114221e-01   1.2492598e-01   8.7743425e-02  -1.3432228e+00  -2.1695620e+00   1.0918194e+00   8.7734786e-01   3.5436211e-01  -6.0426843e-01
   1.0000000e+00   1.7289357e+00   7.4639756e-01   8.5239966e-01   1.8967764e-01   5.4744150e-02   1.3649438e-01   5.1766149e-02   3.5504887e-01   6.2114818e-01   1.2724188e+00
   2.0000000e+00   5.1149052e-02  -4.4391566e-01   5.2093880e-02   5.9494010e-01  -1.2609231e-01  -1.3234976e+00   4.5750562e-01   9.1889481e-01   1.6541991e-01  -1.0262653e+00
   2.0000000e+00   5.4092365e-01   2.5613275e+00  -2.3680664e+00  -9.5284533e-02  -2.2324488e-02  -2.6085087e+00   1.6930918e+00   5.7404503e-01   7.0592622e-01  -1.0458908e+00
   1.0000000e+00   9.2669600e-01   1.3455000e-01   1.0478083e+00   5.2721869e-01  -1.2907564e-02  -3.9326116e-01   2.2073950e-01   9.3209405e-01  -1.1628217e+00  -6.1745905e-01
   2.0000000e+00  -1.7092833e-01  -1.2776870e+00  -3.0373241e-01   4.7361713e-01  -3.5693622e-02   6.8146009e-01   3.4703909e-01   6.3135572e-01   1.3331967e+00  -5.3571484e-01
   2.0000000e+00  -4.3122824e-01  -1.5057714e-01  -9.2720903e-01   6.0011187e-01   5.4946728e-01   6.9249574e-02  -1.0289727e-01  -1.0653418e-02  -4.1377279e-01   6.3693395e-01
   2.0000000e+00   1.6277832e+00   8.8276871e-01   1.8337149e+00   6.0257889e-01   1.9280042e-01  -1.6953204e+00  -4.5752120e-01   1.5189926e+00   2.4157387e-01  -3.7812374e-01
   2.0000000e+00  -2.0098211e-01  -6.5076843e-01   7.3000067e-01  -5.1114093e-01  -4.9114459e-01  -8.9131433e-01  -1.3682502e-01   1.9208695e-01  -1.3615648e+00   8.7891582e-01
   2.0000000e+00   3.8159056e-01   5.7025959e-01  -1.8249099e+00  -1.5359356e+00   7.7348105e-01  -1.1594473e-01   2.8515373e-01   1.0676464e+00  -8.0804189e-02   8.5372228e-01
   2.0000000e+00  -7.6832561e-01  -1.0615331e+00  -8.1532505e-01   1.1810510e+00  -1.7688615e+00  -2.3436116e-01   1.2401987e+00  -1.8372537e+00  -9.9432210e-01   8.9029001e-01
   2.0000000e+00   2.1617099e+00   9.1523577e-01  -1.8776103e+00  -1.3464869e-02   3.5445886e-01   1.4025983e+00  -2.2005553e+00  -1.2983248e+00  -1.3796416e+00   4.2290566e-01
   2.0000000e+00  -3.6100137e-01  -1.4345043e+00  -8.6449522e-01   1.4086116e+00   5.8397174e-01   2.9625766e+00   7.3184861e-01   3.7303662e-01   1.4499479e-01  -1.0468250e+00
   2.0000000e+00   9.2481896e-01  -1.5409840e+00   9.0268173e-01   1.8396314e+00   3.0306217e+00  -1.0682804e-01   9.2967639e-01   8.4869182e-02  -8.4802161e-01  -9.5589568e-01
   2.0000000e+00   1.2693495e+00  -7.1774702e-01  -1.3561189e+00  -1.7677585e+00  -1.4609110e+00  -1.3016892e-02  -1.3762822e-01   1.3625166e+00  -1.4197065e+00   1.7593795e-01
   2.0000000e+00   7.5334565e-01  -1.3634511e+00  -7.2240708e-01  -4.4260729e-01  -1.8295330e-01  -2.1206497e-01   1.6099174e+00  -1.1719515e-01  -7.1823878e-02   4.0029896e-01
   2.0000000e+00   8.8710831e-01  -7.7035832e-01   8.2451676e-01  -2.1591947e-02   1.2524322e+00   3.2019363e-01   2.9984209e-01   8.8220810e-01   1.3385043e+00   2.7150699e-01
   2.0000000e+00  -2.1534005e-01  -1.1220125e+00  -6.1831615e-01   3.8111729e-01  -7.4176320e-01   4.1352795e-01  -5.5463004e-01   1.8938793e-01  -7.2030088e-01   1.0267422e+00
   2.0000000e+00   6.8155900e-01   2.5749908e+00   2.1376616e-01  -2.3668975e-01   2.2188385e+00  -2.1162392e-01  -9.2104538e-01   1.3189950e+00  -3.1780903e-01   1.6563098e-01
   2.0000000e+00   5.6156060e-01  -1.3324243e-01   3.4201398e-01   1.3121154e+00   7.1467927e-01   2.2945116e-02  -1.6054807e+00  -1.0602406e+00   6.6339329e-01  -5.9436971e-01
   1.0000000e+00  -1.4588987e+00   3.4468936e-02   3.9315437e-01  -2.2437169e-01  -2.3842346e-01  -1.9862865e+00  -1.5977799e+00  -1.1472265e+00  -5.1668442e-01  -6.1934510e-01
   1.0000000e+00   1.2706330e+00   9.9005238e-02   9.5336340e-03  -3.2914000e-01   4.3193022e-02  -7.2289571e-01  -1.1412037e+00   7.4659637e-01   1.3257672e+00   5.9841611e-01
   2.0000000e+00   3.7033840e-01  -1.5794965e+00   5.4603529e-01  -1.1443530e+00   3.0397405e-01  -2.6640517e+00  -1.3030286e-01   1.0088079e+00   1.6070408e-01   7.4701745e-01
   2.0000000e+00  -6.6374241e-02  -5.9534461e-02   1.4424055e+00   4.5759175e-01   1.2474340e+00  -9.9050594e-01   7.7997162e-01  -1.4124612e+00  -7.2955307e-01  -1.2343057e+00
   2.0000000e+00   1.3986287e+00  -1.6635025e+00   4.2686084e-01   9.9321954e-01  -5.7570279e-01   1.7519111e-01  -1.3593668e+00  -1.1664666e+00  -8.4901296e-01  -4.2422239e-01
   2.0000000e+00   6.6299769e-01   1.4938936e+00   7.0780358e-01   1.9401800e+00   1.3294538e-01  -1.1928287e+00   7.3312064e-01  -1.2798062e+00  -8.0865305e-01  -1.1290113e+00
   2.0000000e+00   4.1973867e-01  -7.3801605e-01   1.6704921e-01   9.0152768e-01  -2.8982709e-01  -2.4592452e-01   1.1687674e+00  -4.3780623e-01  -1.0522646e+00  -6.3184406e-01
   1.0000000e+00  -9.2097433e-01   6.6806292e-01   1.8336491e+00  -5.1803622e-01   6.4789498e-02   1.3067827e-01  -2.5244409e-01  -1.9662974e-01  -1.1006411e+00  -1.2141453e-02
   2.0000000e+00  -1.2566462e+00  -1.5133732e+00   1.1845211e+00  -1.0853677e+00   6.0340537e-01  -7.9639136e-01   2.4592519e-01  -5.9220231e-01   4.2089097e-01  -2.9654695e-01
   2.0000000e+00   1.1191944e+00   1.4194544e+00  -1.1532626e-01   1.8057177e+00   1.3412319e+00   5.1150840e-01   8.4077074e-01   6.2344855e-01   8.5363939e-01   6.3149061e-01
   2.0000000e+00   1.5041483e+00   1.6178253e+00  -3.5021189e-01   1.6767499e-01   7.9953186e-01  -7.6790570e-02  -1.4439346e-01  -4.2821074e-01  -4.7723911e-01   2.7570207e+00
   2.0000000e+00  -1.0477288e+00  -4.4619472e-01   7.2909401e-01   9.0478389e-01   6.8446052e-01   7.1798833e-01   1.6608742e+00  -1.2618441e-01   1.1554890e+00   2.4965204e-01
   2.0000000e+00  -7.3526320e-01  -1.3428810e+00   2.6411281e+00  -7.1803131e-01   1.0598743e+00   3.3154891e-01   1.1949773e+00   1.8347800e+00   6.2024287e-01  -4.3351956e-01
   1.0000000e+00   1.1693029e+00   7.5943838e-02  -2.8759810e-01   3.3747116e-01   7.0391730e-01   1.9233443e-01  -2.2227001e-01   5.4853790e-01   8.8661669e-01  -2.0055152e-01
   2.0000000e+00   9.6678485e-01  -5.8655515e-01  -4.3588091e-01  -1.5021900e+00   2.1934265e-01  -1.5623953e+00   3.2069276e-01   4.0168441e-01   2.1948278e-02  -1.9859114e+00
   2.0000000e+00   4.9110819e-01  -8.1382768e-01  -1.5341998e+00  -6.6880402e-01   3.1921587e-01   3.8953404e-01   1.2523708e+00  -1.0599376e+00   9.9902952e-01   5.1760706e-01
   2.0000000e+00  -7.4295979e-01   1.7815633e+00   1.4320668e-01  -1.7590634e+00  -7.0028415e-01   1.5506375e+00  -6.6702854e-01  -3.4345237e-01  -4.0242737e-01   1.1177097e+00
   2.0000000e+00   3.1765266e-01  -7.4044472e-01  -1.0479314e-01   3.6649934e-01  -2.7743735e-01  -9.7704239e-01   8.9846928e-01  -8.1436836e-01  -4.3885467e-01  -2.3102812e-01
   2.0000000e+00   1.7182767e+00   4.0580872e-01  -1.5995276e-01  -2.0838953e+00  -4.3623326e-01   1.4218722e+00   3.8105647e-01   7.1440924e-01  -1.2432501e+00   2.4567279e+00
   2.0000000e+00   1.2528972e+00  -1.7280205e+00   3.8935892e-01  -7.2338778e-01  -2.9091641e-01   1.7206913e+00  -6.5498320e-01  -1.0859164e+00  -2.0742707e-01   1.1720002e-01
   2.0000000e+00  -1.0999438e+00   4.4427255e-02   8.8515001e-01   1.0166787e+00  -2.4044920e+00  -4.0489396e-02   1.2103135e+00   6.0127871e-01   1.3443557e+00   1.0499734e+00
   2.0000000e+00  -1.0569488e+00  -1.0626448e+00  -8.9253224e-01   1.0966537e+00   7.2473093e-01   9.9325306e-01  -1.1311110e-01   2.2006062e-01  -6.8311796e-01  -2.4576246e-01
   2.0000000e+00  -7.1854524e-01  -2.2217625e+00   4.1861430e-01  -1.8646043e+00   6.8811053e-01   1.5463499e+00   5.8912322e-01  -2.4320598e-01   2.2531734e-01  -1.4300986e+00
   2.0000000e+00  -7.2684542e-01  -1.1804538e+00  -1.2975052e+00   9.3414931e-01  -1.5888481e+00  -8.6379760e-02   4.7835297e-02   9.6128516e-02  -4.2107676e-01  -1.2167525e+00
   2.0000000e+00  -1.8761585e-01  -4.7779980e-01   2.6177953e-01   1.7195585e+00  -2.3921113e-01   8.0621258e-01  -6.6200034e-02  -6.6492685e-01   1.7922242e-02  -1.2782729e+00
   2.0000000e+00   1.1349647e+00   1.3929524e+00  -9.1323334e-01  -1.4947376e-02   1.2305011e-01  -6.6807412e-01   4.2962794e-01   2.0875486e+00  -3.0774329e-01  -1.1376570e+00
   2.0000000e+00   1.4349966e-02   5.5178869e-01  -8.7632580e-01   6.6332798e-01  -8.0748739e-01  -1.6429100e+00   5.9579963e-01  -2.6644041e-01  -1.2855187e+00   1.5842560e+00
   2.0000000e+00  -2.0494447e-01  -6.2104014e-01  -1.0642281e+00  -1.2062864e+00  -2.4965669e+00  -1.8162485e+00   3.1740492e-01   1.5912315e+00   1.4903635e+00  -5.1585441e-01
   2.0000000e+00  -1.1683481e+00  -8.1229695e-01   2.9316970e-01  -6.4399108e-01  -4.2828280e-01  -6.2841054e-01  -1.6644536e+00   1.2688268e+00  -2.4403286e-01   1.4252429e+00
   2.0000000e+00  -6.0242907e-01   6.1417985e-01  -4.8185225e-01  -1.5585895e-01   1.4034121e+00  -1.8901052e+00  -8.3398312e-01  -1.0507090e+00   1.1959758e+00   5.2360529e-02
   2.0000000e+00   1.8201485e-01   7.9170631e-01  -1.1798243e+00  -1.2914259e+00   6.9702131e-01  -3.6236896e-02   1.2975187e+00   6.3141642e-01  -8.4037979e-01  -1.9647600e-01
   2.0000000e+00   1.8904200e-02  -1.1404347e+00   1.5472037e-02  -3.4006755e-01   6.7007191e-01   1.4509845e+00  -7.5352919e-01  -6.9113481e-01  -2.0453424e+00   1.2861775e+00
   2.0000000e+00   8.6111542e-01   1.1153191e-01  -5.9019185e-01  -2.2660923e-01  -1.6094385e+00  -1.8120199e+00   8.2741101e-01   7.9354360e-01  -1.3033861e-01   1.5589909e+00
   2.0000000e+00   1.9730740e+00  -6.4652460e-01  -1.7256538e-01   3.9727329e-01   5.5416555e-02  -4.4350939e-01  -6.0684278e-01  -3.9664518e-01  -1.4307574e-01   1.1075472e+00
   2.0000000e+00  -8.4510747e-01  -1.6106673e+00  -1.2465862e-01   1.3532111e+00  -7.3625919e-01  -2.8984878e-01   9.5631886e-01   5.7302262e-01   1.3870247e+00   1.7630279e+00
   2.0000000e+00   1.2108793e+00  -6.8466386e-01  -9.1807041e-01  -9.6482463e-02  -6.0106244e-01  -3.4060143e-01   1.5101070e+00   7.1860632e-02   5.0826127e-01  -9.8183530e-01
   2.0000000e+00  -3.5493174e-01  -2.5701312e-01  -2.9790987e-01  -8.0115647e-01   9.3193763e-01  -6.0673619e-01   1.7664909e+00  -8.9400186e-01   1.5535084e+00  -1.5468735e+00
   2.0000000e+00  -1.2041153e+00  -1.1045504e+00  -3.0709239e-01   1.0040946e+00  -4.4933028e-01   2.7514919e-01  -6.4356111e-01   1.2182297e+00   1.4471466e+00  -6.4781503e-01
   1.0000000e+00   3.8144568e-01   1.0284593e-01  -5.6446952e-02  -4.4538446e-01  -8.1328079e-01   1.6298291e-01   3.2489488e-02  -1.4838294e+00  -1.3286330e+00   1.6578191e+00
   2.0000000e+00   1.5422667e+00  -1.1026051e+00   7.1757286e-01  -5.3259012e-01   2.9080959e-01   4.0206764e-01   1.0970548e+00   9.3808306e-01   1.1824411e-01   2.7177531e-01
   1.0000000e+00   2.8978015e-01   5.6520562e-01   9.3828543e-01   3.0569030e-01  -4.7956119e-01   6.1295826e-01  -2.9959494e-01   5.6302779e-01  -1.4158459e+00  -5.5529476e-01
   2.0000000e+00   2.3215163e-01   1.8032293e+00  -1.2228546e+00   3.9046426e-01   3.0619258e-01  -6.3698141e-01   7.1937574e-01   1.2289586e+00   5.9360446e-02  -1.7091303e+00
